0 1
2 3
4 5
6 7
8 9
10 11
12 13
14 15
16 17
18 19
20 21
22 23
24 25
26 27
28 24
28 29
24 29
24 30
31 32
33 34
34 35
36 37
38 39
40 41
42 43
44 45
46 47
48 49
50 9
9 51
52 53
54 55
56 57
58 59
58 51
60 61
62 63
64 65
66 67
9 68
69 70
71 72
66 73
66 74
75 76
77 78
79 80
81 82
83 84
85 84
86 87
88 89
90 91
92 93
94 95
96 97
98 99
100 101
100 102
101 102
103 104
104 105
105 106
107 108
109 110
111 112
113 114
115 116
117 118
119 120
121 122
123 124
125 126
127 128
129 130
131 132
131 133
131 134
132 133
132 134
133 134
103 123
123 135
105 136
137 138
105 139
110 140
141 142
143 144
145 146
147 148
149 150
151 152
153 104
154 155
156 155
156 157
155 158
155 159
155 157
158 157
159 160
157 161
162 163
164 165
166 114
167 168
169 155
170 171
172 173
174 175
176 177
178 179
180 179
181 182
181 183
184 185
186 187
188 189
147 190
191 192
193 194
195 155
196 197
198 199
198 200
198 134
199 200
201 202
203 204
166 110
205 206
206 207
206 157
206 161
139 208
209 210
211 155
110 212
213 214
214 215
216 153
216 136
153 136
136 104
217 218
219 220
221 147
222 223
224 225
226 227
228 229
229 230
231 232
233 234
235 236
237 238
239 240
231 162
241 242
189 243
189 235
188 243
188 235
243 235
244 245
246 247
116 146
248 249
250 251
252 253
254 255
189 236
253 153
256 257
258 199
259 260
211 261
211 262
261 262
261 155
262 155
263 264
265 266
153 267
206 268
161 268
269 188
269 270
269 189
159 154
271 272
273 274
275 276
277 278
206 279
280 281
282 283
283 284
153 285
286 225
146 287
249 288
289 290
110 291
212 291
292 293
292 294
295 296
296 297
153 252
298 246
298 247
299 300
301 302
303 304
305 306
307 308
309 252
310 311
310 312
292 313
314 315
316 317
318 319
84 320
321 267
110 275
275 291
322 323
305 324
306 324
250 325
305 326
327 328
329 330
331 332
333 242
153 334
153 335
245 153
336 337
155 338
339 305
340 341
253 342
343 344
345 346
347 219
348 349
350 351
352 353
354 355
356 357
356 358
194 359
194 360
359 360
360 193
361 362
206 363
206 364
365 366
211 367
211 368
367 368
367 262
368 262
348 369
348 370
348 371
372 373
373 374
375 376
377 378
379 380
381 382
383 242
384 385
384 386
385 387
385 386
388 389
390 391
104 392
393 394
395 118
396 397
398 399
400 206
401 402
403 404
405 328
401 406
406 402
84 407
333 383
408 409
409 410
411 412
413 414
361 118
415 416
417 418
417 419
418 419
420 421
210 422
422 209
423 424
425 426
427 428
429 430
431 393
432 433
434 435
436 437
235 269
200 438
166 291
439 440
439 441
440 441
159 362
442 443
444 445
446 153
285 447
448 449
448 283
449 283
450 87
451 452
136 453
454 455
456 218
457 343
458 459
460 461
462 463
404 464
465 466
467 468
386 469
469 385
470 471
472 473
474 118
475 189
475 235
476 477
476 478
476 153
476 200
477 478
477 153
478 153
307 479
480 155
481 198
289 482
289 483
484 485
485 486
485 487
488 489
490 491
492 493
494 495
496 497
498 499
500 501
502 247
503 497
283 504
505 84
506 507
508 509
510 347
180 511
512 274
256 513
513 283
513 514
513 257
515 516
517 518
517 497
518 497
310 519
394 431
520 521
522 523
524 178
525 526
510 219
527 528
155 529
529 338
530 0
274 531
532 533
532 534
533 534
535 536
537 538
537 539
537 540
538 539
538 540
538 541
539 540
539 541
542 543
544 545
546 547
548 549
550 551
552 553
554 555
554 556
555 556
557 558
559 560
561 562
563 564
565 566
567 568
569 570
571 572
573 574
575 576
577 578
579 580
581 582
583 584
585 586
587 588
588 582
589 590
563 591
563 592
564 591
593 594
595 596
597 598
599 600
601 602
603 604
605 606
607 608
607 609
607 355
608 355
609 355
610 611
612 555
613 614
613 615
613 616
614 615
614 616
615 616
616 617
618 619
618 620
621 622
623 624
625 283
626 355
627 628
629 630
631 632
631 633
631 634
632 634
635 636
635 637
638 639
635 640
641 642
200 258
643 644
645 646
647 635
648 649
650 651
652 653
200 481
200 654
199 481
199 654
655 656
657 658
659 660
661 635
662 663
664 635
200 665
666 667
668 669
670 671
672 673
674 675
676 677
676 678
676 679
680 681
422 289
682 523
683 684
685 686
687 688
689 690
350 691
692 311
692 310
693 694
695 696
538 697
698 699
693 700
701 702
703 0
703 704
0 704
705 706
707 708
709 710
711 712
713 714
538 715
697 715
375 716
717 718
717 719
310 720
721 722
723 724
289 725
726 692
727 728
310 729
730 731
732 733
734 735
736 694
737 738
739 740
741 666
742 666
743 744
745 746
747 748
749 750
751 752
753 754
755 756
700 530
700 0
448 757
749 758
759 760
384 469
385 761
762 763
764 765
766 767
768 769
714 770
150 771
772 773
774 775
776 777
778 779
62 780
780 63
781 782
783 782
784 358
785 786
787 788
789 790
791 792
793 794
795 794
796 797
798 799
800 801
802 803
804 805
782 806
714 807
808 809
808 810
808 811
812 813
814 815
816 817
816 818
816 819
817 818
820 821
822 823
824 825
824 826
824 827
824 828
825 826
825 829
825 827
825 828
826 829
826 827
826 828
829 827
827 828
830 810
830 831
832 833
834 835
836 837
836 838
836 839
836 840
837 838
838 839
838 840
839 840
841 842
843 844
500 845
500 846
500 847
845 846
845 847
846 847
848 849
850 851
465 852
465 853
854 855
828 856
825 374
825 856
827 374
827 856
374 826
826 856
857 858
859 860
861 862
863 646
864 865
866 867
868 869
870 871
870 866
870 872
871 866
871 872
873 874
873 875
873 876
877 878
681 879
880 881
882 883
884 885
886 887
888 889
890 891
892 631
893 894
895 896
895 897
895 337
896 897
896 337
897 337
898 899
899 900
901 902
485 358
829 903
904 905
904 906
907 283
283 908
909 910
909 911
825 912
374 912
913 825
913 914
913 915
914 915
916 917
916 918
917 919
917 918
920 921
922 923
924 925
926 927
928 929
930 931
930 932
931 932
933 934
935 859
936 937
936 938
936 939
940 941
940 942
940 943
941 942
941 943
942 943
931 703
374 944
374 945
946 947
948 947
949 950
951 952
953 954
955 956
955 957
956 957
957 958
782 959
960 961
339 962
525 963
964 965
966 967
968 764
968 969
764 969
970 971
972 973
974 973
975 976
573 977
977 574
599 978
979 980
981 982
983 984
985 986
987 988
989 832
990 991
992 991
465 993
994 931
994 310
994 995
310 995
996 997
998 999
1000 1001
1000 1002
1001 1002
1003 1004
1005 1006
1006 1007
1008 1009
20 1010
20 1011
20 1012
1010 1011
1010 1012
1011 1012
1012 1013
1014 1015
1016 1017
374 1018
374 1019
1020 1021
1022 1023
1024 1025
643 306
1026 1027
1028 1029
1029 1030
1031 1032
348 518
1033 375
1034 1035
1036 815
1037 1038
1037 1039
1040 1041
1042 1041
1036 1043
815 1043
815 1044
1045 944
1045 283
944 283
944 1041
283 1041
1046 1047
645 501
646 782
646 501
283 1048
1049 1050
1050 1051
917 374
917 373
1052 1053
373 1054
374 1054
871 1055
1041 1056
944 1056
1057 283
283 1058
1059 1060
872 1061
1062 912
1063 1064
1065 1066
789 1067
1068 877
999 1069
999 1070
1069 998
1069 1070
998 1070
815 931
1071 1072
1073 1074
1029 1075
1030 1075
945 373
1076 1077
1078 865
1079 1080
1081 1082
1081 1083
1081 1084
1082 1083
1082 1084
1083 1084
862 1085
917 1086
917 1087
1088 825
1088 1089
949 1090
825 1091
1092 1093
643 1094
1095 1096
490 1097
1098 1099
1100 1101
1102 1103
1104 1105
1106 1107
1108 905
1109 1110
931 1111
1112 1113
1112 1114
1115 1114
1116 1117
1116 1118
1119 1120
1121 1122
1123 358
1124 1125
1124 1126
1125 1126
588 581
588 1127
1128 1129
866 1090
866 949
1130 1131
1132 1133
1134 1135
1134 1136
1135 1136
1137 1136
1138 643
1138 306
643 1139
306 1139
1140 1141
1126 1142
1124 1142
1143 1144
1145 970
970 1146
971 1146
825 931
1147 1085
1148 1149
1150 1149
1151 1152
1153 1154
1155 1156
1155 1157
1156 1157
1158 1159
1158 1160
1161 1162
1163 1162
825 501
1164 1165
1166 643
1166 1094
1167 1168
305 213
213 306
1169 1170
1171 1172
1173 1174
1175 1176
931 1177
1178 1179
1180 1181
1182 1183
1184 1185
1186 905
1187 1188
1189 1190
867 1191
1192 1119
1193 1194
1194 681
1195 1196
1197 1198
1199 1200
1199 1201
1199 1202
1201 1202
1203 1204
1205 1206
1207 1208
1209 1210
1211 1212
1213 1214
1215 760
509 1216
509 1217
1216 1217
1218 1219
1218 1220
949 871
1221 1222
867 1223
1224 1225
772 1226
1227 773
1226 773
1228 283
1229 1230
1229 1231
1230 1231
1232 1233
1232 1234
1235 1236
1237 1238
1108 1239
1108 1240
1108 1241
1108 1242
1239 1240
1240 1243
1244 1245
1246 1247
1247 742
1248 1249
1250 866
1251 866
866 1252
1253 1254
1253 1255
1253 1256
1253 1257
1253 1258
1255 1256
1259 1260
1261 1262
1263 1264
1265 1266
871 1061
1267 1268
1269 1199
1199 1270
1202 1270
1271 1272
1273 1274
1275 986
1276 986
1277 971
1277 970
1278 1279
1280 646
1281 1282
1283 1284
1285 1286
1287 690
1288 1289
1290 1289
1291 1292
1273 1293
1294 1183
1295 1296
1297 1298
1299 1268
1300 1267
1301 1302
1303 1304
1305 1306
1307 866
1307 1308
866 1308
1309 1310
1309 1311
1309 1312
1309 1313
1310 1311
1310 1312
1311 1312
1311 1313
1314 1315
1312 1313
1316 1317
1318 1317
1319 1320
1321 1322
1321 1323
1322 1323
1324 1325
1326 1322
1327 1328
1329 283
1330 1331
1332 1333
1140 1334
1335 866
1335 867
1336 1337
517 1338
518 1338
1339 1340
1341 1342
1343 1134
1343 1344
1345 1344
1346 1347
953 1348
953 1349
953 1347
1350 1349
1350 1347
1348 1349
1348 1347
1349 1347
1351 330
1352 1353
1354 1355
1354 1356
1354 1357
1355 1357
1071 1358
1359 803
1360 844
1360 1361
1360 1362
1360 1363
1360 1364
844 1364
1363 1364
1310 1365
1311 1365
1312 1365
1365 1309
1366 1367
1367 1368
643 1369
1370 1371
1372 1373
778 1374
1375 1021
845 1376
845 1377
1378 1379
1380 1381
1382 541
1383 1384
1385 1386
1387 1134
1387 970
1387 971
1134 970
1134 1236
1388 1289
1389 1390
1391 1392
1393 1394
1395 1396
776 436
1397 1091
1398 1367
1399 1367
1367 1400
1367 1401
1402 1403
1020 1404
1405 1021
1406 1407
1285 1408
1409 1410
310 1411
1412 330
1413 1414
1415 1416
1236 1417
1236 1418
1417 1235
1419 1420
970 1421
970 1422
971 1421
1421 1422
1423 1424
1423 1425
465 1426
1427 1428
1429 1430
1431 1432
1432 1433
1434 1435
1436 1437
1437 1438
1437 1439
1440 588
1441 670
1442 1443
501 374
1444 1112
289 1445
482 1445
1446 1447
1448 1449
1450 1451
1452 1453
1454 1455
1456 1457
1458 1459
1460 1367
1461 1462
1463 1464
1465 1466
1465 1467
1298 1468
1469 1470
1471 1472
1471 1473
1472 1473
1474 1475
1474 1476
1477 1478
1477 1479
1480 1481
1482 1483
1484 1485
1486 1487
1488 1489
1488 1490
1489 1490
981 1491
982 1491
1191 866
162 1492
1009 1493
1009 1494
1495 1496
1496 1497
1498 1499
1343 1500
1501 1502
1503 1504
1505 1506
1507 1508
1509 1510
1511 1510
1512 1513
1514 1515
1102 1516
1102 1517
1518 1519
1518 1520
1518 1521
1522 1523
1523 1524
305 962
962 306
1525 866
1526 1527
619 1233
1528 1233
1528 1232
1529 1530
1531 1532
1533 1534
1535 1536
1328 1160
1537 808
1538 808
808 1539
1540 358
1540 1541
1540 1542
1540 1543
358 1541
358 1542
358 1543
1541 1543
1544 1545
631 1546
1547 1548
1549 1550
1549 1551
1143 1552
433 1553
1554 1555
1556 1557
866 1558
1559 1560
1561 1562
1563 1564
1565 1564
666 1566
1567 1267
970 1568
1387 1302
970 1302
1134 1302
681 1569
1570 646
1300 1268
808 1571
1539 1571
1572 1573
1574 1575
1576 1577
1037 1578
702 1062
702 1579
1062 1579
1217 1580
1581 541
1581 1582
1581 1583
541 1583
1584 1585
1585 505
1586 1587
1588 1589
631 1590
1591 1592
1590 1546
633 795
34 1593
1594 1595
92 1596
1597 1598
1599 1600
1601 1602
1603 1604
1605 1606
48 1607
1608 1609
1609 1610
865 1611
865 1612
865 1613
1612 1613
1614 1615
1616 1617
1618 1619
1620 1621
1622 1623
1624 1625
1364 1626
1364 1627
1626 1627
1628 1629
808 1630
1631 1632
1633 1586
1634 1635
1636 1637
1555 1638
1639 1640
1641 1642
1643 1644
1397 283
1645 1646
1647 1648
1649 1650
1651 1652
1653 501
1654 1655
1656 283
1657 1658
1659 1660
1661 1662
1663 1664
1665 1666
1665 1667
1665 1668
1666 1667
1666 1668
1667 1668
1669 1670
1671 1672
1673 1674
1675 1233
1564 1676
373 825
825 917
825 1054
917 1054
1650 1677
1677 1649
1678 1679
1680 1681
1682 1683
1684 1685
1556 1686
1687 1688
1689 1690
1378 1691
1379 1691
1692 1693
1693 1694
1695 1696
1697 1698
1699 1700
1701 1702
1471 1703
1704 917
1704 918
1693 1705
1021 1706
1707 1708
1709 1710
1711 1712
1712 1713
1714 635
1715 1713
1715 1716
1715 1712
1713 1716
1716 1712
1717 1718
1719 1720
1721 766
1722 1723
1724 1725
1726 1727
1728 1729
968 1730
969 1730
1731 1732
1733 1734
1733 1735
1733 1736
1734 1735
1734 1736
1737 1738
1347 1739
1349 1739
1740 1741
1742 1743
1744 1726
1745 1448
1296 1746
1746 1747
1061 870
1748 1749
1750 1751
1752 1746
1753 1754
1755 1756
1757 1756
1758 1759
1760 1761
1762 1763
1721 1764
143 1765
144 1765
1766 1767
1768 1769
1770 1771
1772 1773
1772 1771
1774 1775
1774 1776
1774 1777
1775 1776
1775 1777
1776 1777
1778 1779
1778 1780
1779 1780
1781 1782
1783 1784
1785 1784
1786 1787
1786 1788
1787 1788
1789 1790
1791 1792
1793 1794
1795 1796
1796 1797
1797 1798
1798 1799
1798 1800
1801 1802
1803 1802
1804 1805
1806 1807
1806 1808
1806 1809
1808 1809
1808 1810
1809 1810
1811 1808
1812 1796
1813 1796
1814 1815
1816 1815
1817 1815
1818 1819
1818 1820
1819 1820
1821 1822
1823 1824
1819 1825
1818 1825
1826 1827
1826 1828
1829 1823
1827 1828
1827 1830
1827 1831
1832 1833
1832 1827
1833 1827
1834 1835
1836 1837
1838 1839
1840 1841
1841 1842
1843 1844
1845 1846
1847 1848
1847 1849
1848 1849
1850 1851
1852 1853
1853 1851
1854 1855
1802 1844
1802 1856
1844 1856
1857 1858
1859 1860
1861 1862
1862 1863
1864 1865
1866 1867
1866 1868
1866 1869
1867 1868
1867 1869
1868 1869
1772 1870
1871 1872
1873 1874
1875 1876
1867 1877
1877 1869
1869 1878
1879 1880
1881 1882
1883 1804
1883 1805
1884 1885
1886 1887
1880 1888
1889 1890
1889 1891
1889 1892
1890 1891
1890 1892
1890 1893
1892 1893
1892 1894
1895 1896
1897 1815
1897 1816
1898 1899
1900 1778
1784 1778
1901 1785
1902 1903
1904 1905
1906 1907
1908 1909
1910 1911
1912 1797
1912 1913
1914 1898
1915 1898
1916 1917
1918 1919
1920 1921
1922 1819
1923 1771
1771 1924
1805 1925
1925 1804
1926 1927
1928 1929
1930 1931
1930 1780
1931 1780
1932 1933
1934 1935
1936 1819
1936 1937
1936 1825
1819 1937
1938 1939
1940 1941
1942 1943
1944 1945
1946 1839
1839 1947
1948 1949
1950 1780
1951 1952
1953 1954
1955 1956
1862 1957
1958 1959
1899 1960
1960 1944
1961 1962
1963 1964
1963 1965
1964 1965
1775 1966
1966 1777
1966 1776
1967 1968
1969 1970
1969 1971
1969 1972
1969 1973
1969 1974
1969 1944
1970 1971
1970 1972
1970 1973
1970 1974
1970 1944
1971 1972
1971 1973
1971 1974
1971 1944
1972 1973
1972 1974
1972 1944
1973 1974
1973 1944
1975 1796
1976 1808
1976 1977
1808 1977
1978 1979
1980 1981
1893 1982
1827 1805
1827 1925
1983 1984
1985 1794
1837 1986
1986 1836
1958 1987
1988 1989
1990 1991
1990 1992
1990 1993
1991 1992
1991 1993
1992 1993
1994 1995
1994 1996
1995 1996
1997 1998
1796 1999
1796 2000
1999 2000
2001 2002
1917 2003
1917 2004
2005 1798
2006 2007
1766 2008
1955 2009
2010 2011
2012 1984
2013 2014
1830 2015
2015 1827
2015 1828
1844 2016
2017 2018
2019 2020
2021 2020
2021 2022
2021 2023
2020 2023
2024 1805
2025 2026
2027 2028
2029 2030
2031 2032
2033 2034
2033 2035
2034 2035
2036 2035
1796 2037
2038 2019
2038 2020
1796 2039
1971 1992
2040 2041
1970 1992
2042 1780
2043 2044
2021 2045
2021 2046
2021 2047
2045 2022
2022 2046
2022 2047
2046 2047
2048 1775
2048 1774
1775 2049
1774 1966
1774 2049
1777 2050
2051 2052
2053 2054
2009 1971
2055 2056
2057 2058
2059 2060
2061 2062
1802 2062
1802 2063
2018 2064
1811 1977
2065 2066
2067 1808
2066 1808
2068 2069
2070 2071
2071 2072
2073 2074
2075 2076
1161 2077
2078 2079
2080 2081
2040 2071
2082 2083
2084 2085
2084 1797
2040 2086
2066 2014
1897 1817
2087 2088
1771 2089
2089 1924
2090 1775
2090 1774
2091 2092
1832 2015
2093 2094
1841 2095
2096 2097
2096 1913
2098 2099
2098 2097
2098 1913
2099 2097
2099 1913
2097 1913
2097 2100
1913 2100
2101 2102
2101 2103
2101 2104
2101 2105
2102 2105
2103 2105
2104 2105
2106 2107
2108 2109
2110 2111
2112 1907
2113 1951
1969 1796
1796 1971
1796 1970
2114 2115
2116 2117
2116 2118
2117 2118
2119 2120
2120 2121
1777 1978
1777 2122
1978 2123
1992 2124
1992 2125
1992 1808
1992 1809
1992 1977
1992 1811
1992 2126
2124 1808
2125 1808
2125 1809
2125 1811
2125 2126
1808 2127
1808 2126
1809 1977
1809 1811
1809 2126
1977 2126
1811 2126
2128 2129
2128 2052
2128 2051
2129 2052
2112 2130
2131 2132
2133 2134
2133 2067
2134 2067
1912 1917
1794 2135
2136 2137
2138 2137
2139 1917
2140 1917
2141 1797
2142 2143
2142 2144
2143 2144
2145 2146
1899 2147
2148 2149
2150 1992
2150 2125
2151 1890
2152 1990
2152 1992
2152 1993
2152 1991
2153 2154
2155 2156
1856 1801
1856 2157
2158 1780
2159 2160
2161 2162
2119 2163
2164 2165
2166 2167
2168 2078
2168 2079
2169 2170
2169 2171
2170 2171
2172 2173
2172 1797
2173 1797
2174 2175
2176 1796
2177 2178
2179 2180
2081 2126
1954 2066
2181 2182
2181 2183
2182 2183
2184 2185
2186 2187
1947 1838
2188 2189
2190 2189
1816 1796
2124 2191
2192 2193
1971 1808
1973 1808
1973 1992
1970 2124
1970 1808
2194 2051
2194 1808
2051 1808
1944 1808
1944 1992
1998 2195
2196 2197
2198 2199
2200 2201
2202 2203
2204 2205
2206 2207
2145 1971
2122 2208
1950 1931
2209 1931
2209 1780
2210 2211
2212 2213
2213 2044
2214 2215
2216 2217
2218 2018
2071 2041
2219 2220
2122 1776
2221 1808
2222 2066
2013 1808
2014 1808
2173 2112
1796 2223
2039 2223
2224 2225
2226 1970
1816 2227
2228 2229
2230 2161
1944 1809
1824 2231
1978 2232
2125 2067
1992 2067
2133 2039
1796 2233
2234 2235
2184 2236
2184 2237
2236 2185
2238 2041
2239 2240
2239 2241
2240 2241
2102 2219
2101 2242
2101 2243
2101 2219
2242 2104
2242 2105
2242 2243
2242 2219
2104 2243
2104 2219
2105 2243
2105 2219
2243 2219
2244 1981
2245 2246
2247 2248
2247 1915
2249 2250
1953 2171
1954 2171
2251 2126
2252 2253
2252 2254
2253 2254
1816 2255
2125 2256
2257 2052
2052 1808
2258 2259
2260 2261
1972 1808
1972 1992
1969 1808
1969 1992
2262 2263
2208 2264
2265 2264
2266 2267
2266 1954
2267 1954
2132 2268
1915 1899
2266 2269
2270 1971
2271 2272
2272 2273
2274 1808
2274 1809
2275 1808
2275 1809
2275 1810
2276 2277
2278 2279
2280 2281
2281 2070
2281 2071
2281 2040
2070 2040
2219 2282
2219 2283
2220 2105
2101 2282
2101 2283
2242 2282
2242 2283
2104 2282
2104 2283
2105 2282
2105 2283
2282 2283
1960 2098
2130 1907
2133 2221
2161 2160
2052 1944
2162 2230
2284 2035
2285 2286
2285 2287
2243 2282
2243 2283
2288 1875
1953 2134
2289 2290
2291 2239
1972 2292
2161 2159
1808 2189
2293 1961
1906 2294
2234 2295
2296 2297
2297 2298
2297 2299
2298 2299
2300 1794
2301 2302
2303 2173
2112 2304
2120 2163
2305 2306
2307 2308
2309 1983
1970 2270
1970 2202
2226 2202
1892 1982
2272 2310
2311 2312
1796 2146
2313 2314
1907 2173
1907 2257
2227 2221
2315 2316
2317 2318
2319 2320
2321 2294
2322 1992
2076 2323
2120 2324
2325 2326
1912 2139
2327 2328
2041 2070
2329 2330
2329 2331
2332 2333
2334 2335
2173 1906
2336 2021
2337 1972
2041 2338
2146 1973
1944 1810
2339 2340
2341 2342
2343 2344
2345 2346
2345 2347
2348 2346
2349 2350
2351 2352
2351 2353
2352 2353
2354 2355
2356 2357
2358 2359
2360 204
2360 203
2361 2362
2363 2364
2365 2366
2367 2368
2369 2370
2371 2372
2373 2374
2375 2376
2377 2378
2379 2380
2379 2381
2379 2382
2379 2383
2379 2384
2379 2385
2379 2386
2379 2387
2379 994
2379 2388
2380 2381
2380 2382
2380 2383
2380 2384
2380 2385
2380 2386
2380 2387
2380 994
2380 2388
2381 2382
2381 2383
2381 2384
2381 2385
2381 2386
2381 2387
2381 994
2382 2383
2382 2384
2382 2385
2382 2386
2382 2387
2382 994
2383 2384
2383 2385
2383 2386
2383 2387
2383 994
2383 2388
2384 2386
2384 2387
2384 994
2385 2386
2385 2387
2385 994
2386 2387
2386 994
2386 2388
2387 994
2387 2388
994 2388
2389 2390
2391 2392
2393 2394
2395 2396
2397 2398
2399 1337
2400 754
2401 2402
2403 2404
2405 2406
2407 2408
2408 2409
2410 1392
2411 2412
2413 2414
2415 2416
2417 2418
2419 2420
2421 2422
2421 1364
2422 1364
2423 2424
2356 2393
2425 2426
1764 2427
2428 2429
2430 2431
2432 2433
2434 2435
2436 2435
2437 2438
2439 2440
2441 2442
2443 2444
2445 2446
2447 2448
2449 2450
2419 2451
2452 2453
2453 2454
2455 24
2456 2457
2458 2459
2460 2461
2462 2463
2462 2464
2465 2466
2467 2468
2467 2469
2468 2469
2470 2471
2470 2472
2470 2473
2470 2474
2471 2472
2471 2473
2471 2474
2472 2473
2472 2474
2473 2474
2475 2476
2477 2478
2479 2480
2479 2481
2480 2481
2482 2483
2484 2485
2486 2487
2488 2489
2488 2487
2489 2487
2469 2490
2490 2468
2491 2492
2493 2494
2493 2495
2494 2495
2496 2497
2498 2499
2500 2501
2500 2502
2501 2502
2503 2504
2505 2506
2505 2507
2506 2507
2492 2508
2492 2509
2491 2508
2491 2509
2508 2509
2510 2511
2510 2512
2513 2393
2514 2515
2516 2517
2518 2519
2520 2291
2521 2291
2522 2468
2523 2468
2524 2525
2526 2390
2390 2527
2528 2529
2530 2529
2531 2532
2533 2534
2535 1320
2408 2536
2537 2538
2537 2539
2538 2539
2540 2539
2541 2542
2165 2273
2543 2544
2545 2390
2390 2546
2547 2548
2549 2550
2551 2552
2553 2554
2555 2556
2557 2558
2559 2510
2560 2561
2562 2563
2562 2564
2563 2564
2565 2566
2565 2567
2568 2468
2569 2570
2571 2572
2573 2574
2573 2575
2573 2576
2577 2578
2577 2579
2578 2579
2580 2581
2582 2583
2584 2585
2586 2587
2586 2588
2587 2588
2573 2589
2573 2590
2591 2592
2593 2594
2595 2596
2593 2597
2593 2598
2597 2598
2598 2594
2599 2600
2601 2602
2603 2579
2604 2605
2606 2607
2608 2417
2609 2610
2611 2573
2611 2589
2611 2576
2612 2483
2613 2483
2614 2483
2548 2615
2548 2616
2617 2616
2615 2616
2618 2619
2490 2568
2620 2468
2467 2568
2621 2622
2623 2622
2624 2625
2626 2487
2459 2627
2459 2628
2629 2630
2487 2631
2632 2633
2634 2635
2636 2390
2636 2637
2638 2639
2638 2640
2638 2641
2639 2640
2639 2641
2640 2641
2642 2276
2643 2644
2645 2646
2645 2647
2646 2647
2648 2649
2650 2651
2650 2652
2653 2651
2651 2652
2654 2655
2656 2657
2658 2659
2598 2660
2661 2660
2660 2594
2662 2663
2447 2578
2664 2578
2665 2666
2667 2668
2579 2669
1343 2670
2671 2672
2673 2674
2673 2675
2674 2675
2676 2677
2254 2678
2679 2680
2681 2682
2476 2682
2475 2682
2683 2684
2685 2686
2505 2687
2507 2687
2688 2660
2517 2689
2545 2389
2690 2691
2690 2390
2691 2390
2692 2390
2693 2694
2695 2696
2697 2698
2699 2700
2701 2655
2702 2703
2704 2705
1377 2706
1377 2707
2706 2707
2708 2565
2709 2710
2711 2712
2573 2713
2611 2713
2611 2575
2714 2715
2716 2622
2717 2622
2718 2719
2571 2719
2571 2720
2719 2720
2721 2720
2722 2720
2723 2517
2724 2725
2724 2517
2725 2517
2726 2517
2604 2727
2728 2729
2730 2731
2732 2733
2734 2735
2734 2736
2735 2736
2737 2738
2739 2740
2517 2582
2741 2475
2741 2476
2742 2743
2744 2458
2745 2746
2747 2748
2749 2750
2694 2751
2752 2502
2753 2754
2696 2755
2755 2695
2756 1499
1499 2682
2757 2758
2622 2759
2747 2760
2747 2761
2760 2761
2762 2763
2762 2764
2763 2764
2765 2766
2767 2768
2769 2770
2748 2760
2748 2761
2408 2703
2771 2757
2772 2773
2774 2775
2776 2775
2777 2775
2586 2778
2586 2779
2588 2779
2778 2779
2779 2587
2458 2780
2781 2782
2781 2695
2781 2696
2781 2783
2695 2783
2696 2783
2755 2783
2784 2754
2784 2753
2408 2485
2785 2495
2517 2786
2787 2788
2789 2790
2789 2517
2790 2517
2512 2791
2510 2476
2510 2791
2792 2793
2792 2794
1580 2795
2390 2796
2604 2797
2798 2487
2799 2683
2800 2801
2390 2802
2803 2636
2804 2805
2513 2805
2622 2806
2807 2808
2809 2764
2810 2811
2812 2813
2814 2805
2655 2815
2816 2817
2818 2819
2820 2821
2820 2487
2821 2487
2487 2822
2823 2824
2781 2561
2825 2826
2827 2828
2829 2830
2831 1137
2832 2542
2832 2541
2833 2834
2835 1900
2602 2679
2601 2679
2836 2837
2836 2679
2837 2679
2838 2839
2840 2841
2842 2487
2843 2844
2843 2487
2844 2487
2845 2846
2847 2848
2849 2850
2851 1764
2852 1764
1077 2853
2854 2855
1170 2856
2857 2858
1369 306
365 283
365 2859
365 2860
283 2859
283 2860
2859 2860
2861 2862
2863 2864
2863 2865
2863 2866
2865 2866
348 503
349 503
369 503
2867 2868
2869 2870
990 2871
2849 766
1338 497
2872 2873
2874 2875
2876 2877
101 2878
102 2878
2879 2880
2881 2882
514 2883
513 2883
1019 825
2884 129
2885 129
1471 674
1703 675
505 407
2886 2887
2886 2888
2887 2888
2889 2890
2891 1236
1377 2892
2892 2707
2893 2894
2895 2896
2897 2898
2899 2855
838 2900
2901 2902
2901 2903
2419 2904
2905 2906
2905 1547
2907 1547
866 2908
2909 2910
1445 2911
348 646
2912 2913
2912 2914
2912 2915
2914 2915
2916 2917
2917 767
646 2918
2919 2920
2919 2921
2922 2923
2922 2924
2855 2925
2926 2927
256 2928
2929 2930
2929 2931
2930 2931
2932 2933
2932 2934
2935 2936
2937 2938
524 408
2939 2940
2941 733
497 1558
2942 2943
270 235
2944 2945
465 847
2946 2947
2948 2949
1390 2950
2864 2937
2864 2938
243 269
243 2951
468 2952
2953 2954
2955 643
2956 101
1235 2854
2957 1480
2958 2959
2960 1268
1588 1268
2935 525
815 2961
815 2962
825 944
2963 2964
2965 2966
1760 2967
2968 2969
2970 2971
2970 2972
2970 2973
2971 2972
2971 2973
2972 2973
2422 1360
2974 2975
2974 2976
2974 2977
2974 2978
2975 2976
2975 2977
2975 2978
2976 2977
2976 2978
2977 2978
2979 2980
408 2981
2982 857
2983 503
2984 2871
2985 766
2986 2987
2988 2445
2988 2446
2989 2990
1236 2991
2992 2993
2994 2921
2995 1526
2996 2962
2997 2998
2999 24
3000 1363
3001 3002
3003 3004
3005 3004
3006 3007
3008 3009
3010 1583
340 3011
341 3011
3012 1077
3013 3014
1661 3015
129 3016
1719 3017
1720 3017
3018 3019
3020 358
3021 3022
3023 3024
1364 3025
3026 2980
3027 3028
3029 3030
3031 3032
3033 348
1539 3034
808 3035
3036 3037
3038 3039
3039 3040
2423 3041
3042 1531
3043 358
666 3044
3045 3046
3046 3047
3048 3049
3049 3050
3051 3052
3053 753
2887 3054
2887 3055
2886 3055
3055 2888
815 3056
2962 3056
3057 3058
3058 3059
3029 3060
2986 897
2987 897
3061 3062
3063 2465
3064 1381
1343 3065
1343 3066
3065 3066
3067 3068
1138 305
2893 3069
3070 3058
3071 3072
2964 3073
3074 3075
3076 3077
3076 3078
3079 3080
3080 3081
3080 3082
3083 808
356 3084
3085 643
945 917
945 1054
3086 755
3086 497
3086 3087
3086 3088
3089 1417
3089 1236
3090 3091
3092 1583
3093 1077
1077 3094
2971 3095
2970 3095
2972 3095
1170 2896
3096 3097
1445 3098
3099 409
3100 3101
3100 3102
3100 3103
3100 3104
3100 3105
3101 3104
3102 3104
3102 3105
3103 3104
3103 3105
3104 3105
1061 866
3106 3107
3108 3109
1741 3110
3111 1741
3112 3113
1348 3109
3114 3115
3116 3117
3116 3118
3116 3119
3120 3121
3122 3123
3124 3120
3124 3125
3121 3125
3120 3125
3126 3127
3128 3127
3129 3127
3130 3131
3132 3133
3134 3109
954 1347
954 1349
3135 3136
3136 3134
3136 3109
3115 3137
1610 3138
3139 1511
3139 1510
3140 3141
3142 3136
1354 3120
1354 3143
1357 3120
1357 3143
3137 3114
3144 3145
3128 3112
3112 3127
3145 3146
3147 3148
3147 3149
3148 3149
3148 3112
3149 3112
3150 3151
3152 3153
3153 1354
3154 3155
3156 3109
3142 3134
3116 3153
3153 3157
1357 3158
3159 3158
3158 3160
3161 3162
3163 3164
3165 3166
3167 3168
3169 3170
3171 3172
3173 3174
3175 3174
3176 3177
3178 3179
3180 3177
3181 3182
3183 3184
3183 3185
3184 3185
3186 3187
3188 3189
3190 1555
3191 3192
3193 3194
3193 3195
3193 3196
3197 3198
3198 3199
2131 956
3200 3201
3202 3203
3204 3205
3204 3206
3205 3206
3207 3208
3209 3210
3211 3212
3213 3212
3214 3215
3214 3216
3217 3218
3217 3219
3218 3219
3220 3221
3222 3221
3223 3224
3225 3226
3220 3222
3227 3228
3229 3230
3231 3232
3233 3234
2419 3235
3236 1661
3236 3237
3236 3238
3236 3239
3236 3240
1661 3237
1661 3238
1661 3239
1661 3240
3241 3242
3243 3244
3186 1661
3245 3246
3247 3248
3249 3250
3251 3252
3253 2740
3206 3228
3182 3254
3255 1268
3256 1268
3257 3258
3259 3260
3261 1210
3262 3263
3264 3265
3266 3267
3268 3269
3270 3271
3272 3190
3273 3274
1662 3275
1662 3276
1662 3277
1661 3275
1661 3276
1661 3277
3204 3228
3212 3278
3278 3279
2402 3280
3281 3245
3282 3196
3283 3284
1272 3285
3286 3287
3288 3289
3290 2398
3290 2397
3291 3292
3293 3294
3293 3295
3293 3296
1662 3240
3214 3297
3298 3299
3300 2740
3301 3178
3302 3303
3304 3305
3306 3307
3308 3309
3310 3311
3312 3313
3314 3313
3315 3316
3315 3317
3316 3317
3318 1434
3319 3320
3321 3322
3323 3324
3325 3326
3327 3328
3329 3330
3331 3332
3333 3334
3335 3336
3337 3338
3339 3340
3341 3342
3343 3344
3345 3332
3346 3347
3348 3349
3349 3350
3332 3351
3352 3353
3352 3354
3352 3355
3356 3357
3358 3359
3360 2969
3361 3362
3363 3364
3365 1233
3366 3367
3367 1075
1397 1009
1397 829
1009 829
3368 3369
3370 3371
3372 3373
3374 3375
3156 3134
3375 3376
3376 3377
3378 1349
3378 1347
3378 3379
1349 3379
1347 3379
3378 3380
3381 3382
1733 3383
1734 3383
3134 3384
3385 3386
3375 3387
3378 3388
3378 3389
1347 3389
3379 3388
3379 3389
3390 3391
953 3109
3109 1347
1348 954
3392 3393
1346 3394
1346 3395
1739 1348
3396 1348
3397 3374
3398 3399
3400 3401
3402 3403
3404 3405
3406 808
947 1194
948 1194
3397 1349
3407 3408
3409 3410
2727 1586
3411 3412
3413 3414
3415 3416
3417 3418
3419 3420
3421 3422
3423 3424
3425 3426
3427 3428
3429 3430
3431 3432
3433 2910
3434 2945
3435 3436
3437 3438
3439 3440
3441 3442
3443 3442
3444 3442
3445 3446
3447 3448
3449 3450
3451 3452
3453 3447
3454 3455
3456 3457
3458 3459
3437 3460
3461 3462
3463 3464
3465 3466
3467 3468
2945 3260
3461 3469
2414 3470
3471 3457
3472 3473
3474 3475
3476 2910
3477 3478
3479 3480
3481 3482
3483 3484
3485 3486
3487 2649
3488 3484
3489 3490
2740 3491
3492 3493
3494 3459
3495 3496
3496 3497
3498 3484
3499 3500
3501 3502
3503 3504
3505 3506
3507 3508
3507 3509
3510 3511
3512 3513
3514 2483
3515 3516
3517 1114
3518 3519
3520 2398
3521 3492
3521 3522
3492 3522
3523 3524
3525 3250
3526 3527
3528 3529
3530 3531
3532 3533
1211 3534
3535 3536
3537 3538
3539 3540
3541 2649
3542 3543
3544 3545
3546 3547
3548 3537
3549 3523
3550 3551
3552 3553
3554 3555
3556 3557
3558 3559
3560 3561
3562 2649
3563 2649
3564 2437
3565 3566
3567 3568
3569 3570
3569 3571
2971 994
2972 994
3572 2868
3573 681
3574 3575
3576 681
3577 3357
3578 3579
3580 1268
3580 1267
3581 1268
3582 3583
3582 3584
2919 337
3585 3586
3587 3588
1504 3589
3590 3591
3592 1080
3593 1265
3594 3595
3596 990
3597 3598
3599 3600
2919 896
1494 3601
1085 3602
3603 3604
3605 144
3605 143
3606 2114
2114 3607
1434 3608
3609 805
3610 3611
3611 3612
3613 2896
3614 775
3615 3616
3615 3617
3616 3617
3618 3619
3620 3621
776 3622
1567 1268
3623 1588
3624 3625
3626 3627
3628 3629
3630 3631
3632 1534
3633 1534
3634 3635
3636 1534
3637 1534
3638 3639
3640 3641
809 1571
809 3035
1571 3035
3642 3643
1360 1661
3644 3645
3646 3647
3648 3649
3650 416
3651 479
3652 3653
1262 3654
1262 3655
1157 3656
3255 1267
3657 531
776 3658
776 3659
3658 3659
3622 3660
3587 3029
3661 1384
3655 3662
3655 3663
3332 3664
3665 3622
1341 3666
3603 3667
3668 2933
2933 3669
3670 3671
3672 3673
3674 3675
3676 1134
3677 3678
3679 775
3680 3681
3682 908
3683 525
2929 3684
2930 3684
3684 2931
3685 505
3686 3687
3686 3688
3689 3029
3690 1012
3690 1010
3691 1012
3691 1010
3691 1011
3692 3693
3694 3695
3696 970
3697 3698
3699 3700
2971 3037
3701 3702
1473 214
1461 3703
3703 2706
3703 1462
3670 944
3704 3705
563 3706
3707 3708
2969 3709
3710 2091
3711 3712
3030 343
3713 3714
3715 1268
3716 3650
448 3717
283 3717
3718 3719
16 3720
3721 3722
3723 3724
3725 3726
3725 1934
3726 1934
3727 3728
3727 3729
3727 3730
3727 3731
3728 3729
3728 3730
3728 3731
3729 3730
3729 3731
3732 3733
3734 3733
3735 3736
3737 1364
3738 1423
3739 3740
3741 3742
3741 3309
3742 3309
3743 3744
3703 3745
3703 3746
3747 3592
3748 3749
1737 3750
1737 3751
2077 1162
1161 3752
1661 3753
1661 3754
3753 3239
3753 3237
3753 3236
3753 3275
3753 3754
3236 3275
3236 3754
3275 3754
1138 962
3755 1452
3755 1453
829 1494
829 3756
3564 2438
3573 3576
1536 3757
3758 3759
3760 1188
1188 3761
1157 3762
3704 3763
3763 3705
3763 3764
3685 3765
3765 505
3766 3767
354 607
3768 3733
3769 3770
3771 3772
2997 3773
749 3774
3741 3775
2947 3776
3777 3778
944 3779
944 3780
3779 3780
563 1393
563 3781
3782 3783
3037 2970
3703 3784
3785 3786
1112 3787
614 3671
3788 3789
358 3084
3790 4
970 3791
1522 3792
3792 1523
3793 3794
3795 3796
3797 3649
808 3798
1673 3799
1012 3800
1010 3718
1010 3800
1010 3801
1011 3800
20 3800
3802 3803
3804 3805
917 3806
1704 1086
1704 3806
3807 3637
3807 1534
866 3808
944 3809
944 3810
3206 1555
1555 3228
3811 3812
3811 3813
3814 3815
3816 1523
3816 1524
3816 3817
944 3818
944 3819
944 3820
944 3821
3779 3819
3818 3780
3780 3819
3822 2933
2933 3823
3824 3825
3826 3827
3828 3829
3830 1523
3831 3832
3833 866
3833 932
2485 3834
3834 2408
3835 3836
1041 1068
944 1068
1068 283
944 3837
283 3837
944 3838
3839 3840
996 3841
944 3842
944 3843
3819 3842
3780 3842
3780 3837
3837 1045
3844 3845
1320 985
1319 3846
1165 3847
3848 3849
3849 3850
3851 1132
3851 1133
944 3852
1041 3819
3853 3854
3855 3856
3857 283
3858 3859
3860 3861
3860 2824
3862 2824
3861 2824
376 3853
376 283
944 3863
944 3864
3863 3864
3865 3866
3867 3868
3869 1534
3870 1259
2610 3871
2610 3872
2610 3873
3871 3873
3872 3873
3873 2609
1534 3874
1534 3875
1189 3876
3876 3877
3878 3879
3878 3880
3881 3882
3881 1319
3881 1320
3882 1319
3882 3883
1319 3883
3884 2773
3885 1474
994 1652
994 283
994 3886
994 3887
1652 3886
1652 3887
3888 3889
3890 3891
3892 3893
3894 3895
3896 3897
3898 3899
3898 3900
3901 3902
3903 3896
3904 3905
3906 3907
3908 3909
3910 3911
3912 3196
1636 3913
3914 3915
3916 1480
3917 3918
3919 3920
3921 3922
3923 2403
3924 3925
3206 3926
3205 3926
2403 3927
1367 3928
3929 2406
3186 3238
3236 1662
3930 3931
3932 3933
3934 3935
3936 3937
3936 956
3938 753
3938 754
3939 753
3939 754
3940 3941
731 3942
3943 3621
2370 1277
1342 3666
1268 3944
3945 358
3945 1540
3945 1541
3945 3946
358 3946
1540 3946
1541 3946
3946 1543
3947 3046
2970 3948
308 3949
3650 1585
3950 2945
1384 3951
757 283
1267 3944
2905 3952
3951 3953
3953 1384
467 2952
1360 3954
3955 3760
3955 1188
3955 3832
3774 758
808 3956
1541 784
1540 784
3957 3958
896 1645
896 1646
3739 3959
3960 3961
3957 3308
3957 3742
3957 3309
3308 3742
3951 3962
3962 3953
3962 1384
3963 3964
3965 3966
952 3967
3967 951
3968 834
3969 3816
951 3970
3971 3972
3971 3973
3971 3974
3971 3975
3972 3973
3972 3974
951 3976
3338 3977
3978 3979
3980 3112
1556 3981
3982 3983
1279 3984
3985 3986
3987 3988
3989 3990
889 3991
3992 3993
996 3994
3995 3990
1450 3996
3997 3998
3999 4000
4001 4002
4003 4004
4005 4006
4005 4007
4008 4009
4010 4011
4010 4012
4011 4012
2893 4013
4014 4015
4016 4017
4018 4019
4020 4021
4020 2793
4020 4022
4021 2793
2793 4022
4023 3616
4024 4025
4026 4027
4028 4029
4020 4030
2793 4030
4020 4031
4031 2793
4032 4033
4005 4034
4035 4036
4037 2319
4038 4039
4040 4041
4040 4042
4041 4042
4043 4044
4045 1364
4045 1626
1728 4046
4035 4047
4020 4048
4020 4049
2793 4048
1661 4050
4050 3239
4051 4052
4020 4053
2793 4053
3100 4054
3104 4054
4040 1534
4055 4056
3069 4013
3617 3964
3101 4054
4054 3105
3741 3308
4057 4058
4057 4059
3158 4060
4061 4062
4061 4063
4062 4063
4064 3561
3508 4065
4066 4067
4066 4068
1324 4069
4069 1325
2840 4070
4071 4072
1753 1737
1737 1754
4073 3065
3878 283
715 4074
4074 538
4075 4076
4075 4077
4076 4077
4078 283
4078 1048
825 1062
4079 4080
4081 1089
4081 4082
4081 4083
1089 4082
1089 4083
4082 4083
2964 4084
283 4085
283 4086
3646 4087
2970 994
3037 2972
4088 4089
4090 358
4091 925
4092 4093
4092 4094
4092 4095
4093 4094
4094 4095
3682 283
4096 283
4097 4098
4098 4099
3692 1678
4100 4101
4102 4103
4103 4104
366 2860
4105 1138
1423 4106
1423 4107
944 912
4108 4109
4110 3849
1138 4111
4112 4113
4114 4115
4116 283
4117 3854
4118 1695
283 4119
4088 461
643 4120
4121 666
931 2962
2970 4122
4123 4124
4125 4126
4125 4127
4125 4128
4125 4129
4126 4127
4126 4128
4126 4129
1525 815
4130 4131
1068 4132
1068 4133
1068 4134
4135 838
4136 4137
4138 1166
4139 4140
4136 4102
4136 4103
4141 3592
1138 4142
2576 2808
4143 4144
1952 2113
2201 4145
2070 4146
2070 4147
2281 4147
2227 4147
4148 2199
4149 4150
4151 4152
4153 4154
2041 2281
4155 4156
4157 2290
4157 2289
4158 1856
4158 2157
4158 1802
2157 1802
1927 4159
4160 4161
4162 4163
4164 1899
2198 2180
2198 4148
2198 1796
2180 4148
2180 1796
4148 1796
4165 4166
4166 4167
4168 4169
4170 4171
3347 4172
3508 4173
4174 4175
4149 4157
4176 4177
1813 4178
4178 1796
4174 2224
4179 2224
4180 2224
2224 4181
2224 4182
2224 4183
2176 2233
4184 4166
2239 4185
4186 4187
4188 4189
4190 4191
4190 4189
4192 4193
4194 4195
1967 4196
1968 4196
4197 2055
4198 4199
4162 4200
4163 4200
4201 4202
4201 2146
4202 2146
2146 4203
4204 4205
4206 2044
4206 2213
4206 4207
2044 4207
2213 4207
4208 2074
4208 1807
4208 2073
1975 4209
1975 4210
4209 4210
4211 4212
1983 4213
4190 4214
4215 4216
4217 2296
4218 4219
4220 2088
2281 4221
4221 2070
1803 4190
4222 4223
2199 2180
2199 4210
2180 4210
4224 2146
4224 2009
4225 4226
2112 1906
4190 2062
2129 4227
4228 4229
2129 1796
2113 4230
2113 4231
2146 2281
4232 4233
4123 4234
4124 4234
4235 4236
4237 4238
4239 3296
2378 4240
2377 4240
3317 4241
3086 4242
4243 283
997 3841
4244 3868
4245 4246
4246 4247
4245 4247
4247 4248
4249 4250
4251 4252
4252 4253
4254 4255
4256 2793
4257 4258
4259 4260
4245 4261
4020 4248
4262 4263
4264 4265
4266 4267
4268 4257
4269 4270
4271 2840
4272 4244
3293 4273
4274 4275
4276 3868
4277 4248
4278 4279
4280 4281
4282 4283
4284 4285
4286 4282
4287 4288
4289 4290
4291 3997
4292 2563
4293 4294
4295 4248
4296 4297
4283 2801
4283 2800
4283 4298
4283 4299
4282 2801
4282 2800
4282 4298
4282 4299
4286 2801
4286 2800
4286 4299
2801 4298
2801 4299
2800 4298
2800 4299
4298 4299
4300 4301
4302 4303
4282 4304
2801 4304
2800 4304
4299 4304
4305 4306
2319 4307
4308 4309
4309 4310
4310 4308
2801 4311
4312 4313
4314 4315
4314 4316
4315 4316
4317 4318
4319 4320
4255 4321
4322 4323
4324 2764
4325 4326
4327 2823
4328 4329
4330 3267
4331 4332
2675 2483
3212 4333
3278 4333
2780 4334
4335 4336
3862 4337
3915 4338
4339 4338
4340 4341
4342 4343
4344 4345
648 4346
4347 4348
4349 4345
4350 4351
4352 2390
4353 4354
4355 4356
4140 4103
4103 4357
4103 4358
4136 4357
4136 4358
358 4359
358 4360
2454 4361
922 4362
2962 1036
829 4363
4364 358
358 4365
3854 4366
4367 358
358 4368
358 4369
4370 4371
4370 4372
4373 4374
4375 4103
4375 4136
4376 4377
4378 283
4379 358
358 4380
4381 4382
4381 4383
4384 4385
4386 4387
1283 4388
4389 1269
1183 3420
4390 4391
3102 4054
4392 4393
4394 4395
4394 4396
4394 4397
4395 4396
4395 4397
4396 4397
4398 4399
4400 4401
3673 4402
4054 4403
4404 4405
4406 4407
72 4408
3815 1285
4409 1554
1661 4410
3753 1662
3177 4411
4412 3284
4413 3644
4414 4415
4416 4417
3754 1662
1662 3237
3753 4410
1661 4418
4419 4420
4103 4421
4422 4423
4422 4424
4423 4424
4425 4063
4063 4426
4427 4428
4429 1464
4430 4431
808 4432
4433 4434
4435 4436
4437 4438
2933 4439
1377 4440
1634 970
1635 970
4441 4442
4443 4444
1655 1750
1655 1751
1654 1750
1654 1751
1750 4445
1655 4445
4445 1751
4446 3148
3148 4447
3148 4448
3148 4449
4447 4448
4447 4449
4448 4449
3824 4450
3734 4451
3734 4452
4453 4454
1631 4455
1631 4456
1631 4457
4455 1632
4456 4457
4456 1632
4457 1632
3393 4458
3149 4459
3148 4459
3147 4459
4460 4461
4460 4455
4460 4462
4460 1632
4460 1631
4461 4455
4463 4455
4463 4460
4464 4465
4466 4033
4467 4468
4468 3140
4468 3141
4469 4470
4470 4471
4472 4473
4474 4475
4476 4477
4478 4479
3149 4448
3934 4480
3934 4481
3935 4480
3935 4481
4480 4481
4482 3284
4483 4484
1662 4485
4485 1661
4486 4487
4488 3148
4489 3148
4489 4449
4449 3112
4490 4033
3743 4491
3826 4439
4297 4492
4296 4492
4493 4494
3120 4495
4495 3125
4496 4497
4496 4498
4497 4498
4496 4499
4496 4500
4499 4500
4497 4500
4501 4502
4496 4503
4497 4503
4504 4505
4506 4507
4120 4508
1720 4370
4509 4510
4104 4136
4511 4512
4513 4514
4515 4514
4516 4517
4518 3540
4519 4520
4521 4522
4523 4524
4525 4526
4525 4527
4525 4528
4525 4529
3125 3148
3120 3148
3114 4530
4530 3115
4531 4532
4531 4533
4532 4533
3125 3112
3121 3112
4534 4535
4536 3113
4536 3112
4537 3112
4538 4539
4528 4540
4528 4541
4525 4540
4525 4541
4540 4541
4533 4542
4543 4544
4448 4536
4545 3120
4546 4547
4448 3112
4548 4549
4548 4550
4551 4552
4553 4554
3112 4555
4556 4472
1377 4557
4558 4559
4299 4311
2800 4311
4449 3158
4560 2622
4561 3284
4562 4563
4547 3149
4552 4564
4564 4551
3369 4565
3153 1356
4566 4043
4567 4568
769 3796
3796 768
4569 4570
1343 4571
4572 1253
4573 1253
4574 1253
4575 4576
4577 4578
1253 4579
4472 4580
4581 4582
2435 4582
4583 4584
4585 4586
4587 3369
3369 619
4472 4588
4472 4589
1253 4590
1253 4591
4592 4593
2319 4594
4595 4596
4597 4598
4599 4600
4599 4601
4599 4602
4599 4603
4600 4601
4600 4602
4600 4603
4601 4602
4601 4603
4602 4603
4604 4605
4604 605
4606 4605
4605 605
4607 4605
4607 606
4605 606
4606 606
4608 4609
4610 4611
4103 4612
4612 4136
4613 4614
4615 4616
4617 4618
4619 4620
2317 2007
4621 4622
4623 4624
4625 4626
4627 2766
4019 4628
4019 4629
4628 4629
4630 4631
4632 4633
4634 3701
4634 3702
4635 2517
4636 2736
4637 2786
4637 4638
4637 2837
4637 2836
4637 2736
4637 2517
2786 4638
2786 2836
2786 2736
4639 2517
4640 2837
4640 2836
2837 2517
2836 2736
2836 2517
2736 2517
4641 4642
4643 4644
4645 4646
4645 4647
4648 4649
4650 2790
4651 4652
4652 2736
4653 4654
4653 4655
4654 4655
4656 4657
4658 4659
4660 4659
4661 4662
4663 4664
4665 4666
2820 4667
4668 2837
2517 2684
4669 4653
4670 4671
4672 4673
2517 4674
2517 4675
4674 4675
4676 4677
4678 4664
4664 2487
4679 4680
2487 4681
2487 4667
4682 4683
2517 4684
2517 4685
2786 2684
4684 4685
4686 4039
4687 4039
4307 4039
4629 4688
2583 2517
4689 2747
4690 4691
4692 4693
4694 4695
4696 4697
4698 2538
4699 4700
2821 4664
4701 4702
4701 4703
4701 4704
4703 4704
4705 2736
4664 4706
4707 4708
4709 4637
4710 4688
4710 4711
4688 4711
4712 4019
4713 4714
4715 4716
4716 4717
4718 4719
4720 4721
4722 4721
2582 4723
2582 4674
4724 2487
2332 4725
2517 4726
4727 4637
4728 2582
4729 4730
4731 2602
4732 4733
4732 4734
4733 4734
4735 4736
4737 4738
4739 4740
4741 4742
4743 4744
4745 4746
4745 4747
4746 4747
4748 4749
4750 4751
4752 4753
4754 4755
4755 4647
4756 4757
4758 4759
4760 4761
4762 4763
4764 4765
2088 4766
4767 4768
4769 4770
4771 4772
4773 4774
4775 4776
4777 4778
4768 4779
4768 4780
4781 2316
2171 4782
2170 4782
4783 4784
4783 2289
4784 2289
4785 4786
4787 4788
4789 3591
4790 4791
4792 2133
4792 4793
4792 2180
4792 2227
4792 4794
4792 2039
4792 1796
4792 4148
2133 4793
2133 4795
2133 4796
2133 2180
2133 2227
2133 4794
2133 1796
2133 2198
2133 4148
2133 2223
4793 2180
4796 2180
4796 2227
4796 4794
4796 2039
4796 1796
4796 2198
4796 4148
4796 2179
4796 2223
2180 2227
2180 4794
2180 2039
2180 2223
2227 4794
2227 2039
2227 1796
2227 2198
2227 4148
2227 2179
2227 4797
2227 2223
4794 2039
4794 1796
4794 2198
4794 4148
4794 2223
2039 2198
2039 4148
2039 2179
2039 4797
1796 2179
1796 4797
4148 2179
4148 2223
4797 2223
776 4798
3546 3542
2181 2052
2181 4799
4800 4801
2052 4801
2197 4801
4802 1808
4803 4804
4805 4806
4807 1769
4808 4809
2052 1809
4810 2183
4811 4812
4227 4148
4227 2221
4227 1796
2180 4813
2180 2129
2180 2123
2180 2221
2133 4813
2133 2129
2133 2123
4796 2129
4796 2123
4148 4813
4148 2129
4148 2123
4148 2221
4813 1796
4813 2227
2129 4794
2129 2123
2129 2221
2129 2039
2129 2227
2123 1796
2123 2039
2123 2227
2221 1796
2221 2039
4157 4814
2290 4814
4814 2289
4815 4816
4149 4817
4149 4818
4817 4150
4817 4818
4150 4818
2041 4221
4221 2040
2134 2146
2146 1768
4819 4179
4820 4821
4822 4823
4823 4824
4825 4824
4826 4827
4826 4828
4829 4830
3508 4831
4781 1917
1912 2140
4832 2266
2266 4833
4147 2071
4834 1901
4835 4836
4836 4837
4204 1796
4210 1796
4210 2039
4210 2133
4210 2227
2071 4838
4838 2040
4838 2041
4838 2070
4838 2281
4839 4840
1971 2146
4841 2146
2141 1798
4842 4843
4843 4844
2188 4845
2189 4845
4846 4847
4848 4849
4850 4849
4851 4849
4852 1766
4852 4853
4852 4854
4852 4849
1766 4853
1766 4854
1766 4849
1766 4855
4853 4854
4853 4849
4853 4855
4854 4849
4854 4855
4849 4855
4856 4857
4858 4859
4860 4861
4862 4147
2267 4863
4863 1953
4864 4865
4866 4697
4697 3356
4697 3357
4867 2146
4868 4224
2146 4162
2146 4163
4162 1912
4162 4147
4162 2140
4163 1912
4163 4147
4163 2140
1912 4147
4147 2140
4869 4870
4871 4872
4832 2134
4832 1954
4832 4863
2266 2134
2266 1953
2266 2171
2266 4873
2266 4863
2134 1954
2134 2171
2134 4863
1954 4833
1954 4863
1953 4873
1953 4833
2171 4863
4873 4863
4833 4863
4874 4875
4874 4876
4877 4878
4879 4733
4879 4880
4733 4881
4733 4882
4733 4880
4883 4882
4725 4880
4725 4884
4881 4880
4885 4575
4886 4887
2180 4888
2180 1971
2180 4209
1971 2039
1971 2227
2044 4889
2084 2120
2084 2163
2163 4890
2163 2324
2163 1797
4890 4891
4892 4155
4892 4893
4155 4893
4894 4895
4896 4897
4898 4891
4891 4899
4891 1912
4890 4900
2172 4901
2173 4901
4902 4903
4902 4899
4902 1913
4903 4899
4903 1912
4903 1913
4899 1912
4899 1913
1913 4904
4905 4906
4907 4908
4909 2476
2070 1912
2281 1912
4221 4147
4910 4911
4200 2281
4200 4147
4200 1912
4200 2140
4200 2070
4163 2281
4163 2070
2281 2140
2281 4862
4147 2040
1912 2040
1912 4862
2140 2070
2140 2040
2070 4862
2040 4862
4912 4913
2180 4914
4148 4914
2123 4914
2198 4914
4796 4914
2227 4914
2133 4914
4914 1796
4914 2039
2230 1912
4915 4200
2170 4899
2171 4899
2265 4916
2264 4916
4917 4020
4918 4919
4918 4874
4918 4876
4919 4874
4919 4876
4920 4874
4875 4921
4922 4923
4924 4925
2004 1912
1912 4926
4892 4156
4156 4927
4156 4893
4155 4927
4928 2600
2134 4924
4929 4930
4713 2836
4931 4932
2230 1917
1774 4148
1774 2227
1774 1796
1774 2180
2199 1796
4933 4934
4935 4936
2041 4862
4221 4862
4653 4937
4938 4939
2189 1944
4179 4940
2266 4941
4941 1954
4941 4863
4942 4694
4943 4944
4945 4946
4858 4947
4224 4925
4948 4183
4949 4950
4219 4951
4219 4950
4952 4950
4951 4950
4953 4843
2222 4954
2167 4955
4956 2182
4956 2181
2181 4957
4958 4633
2520 2239
4959 4960
4694 4961
4694 4951
4962 2081
4963 4931
4964 4965
4966 4967
4706 2487
4915 4163
4915 4147
4915 1912
4915 2140
4885 4968
4575 4968
4969 4970
4971 4845
4971 2189
4971 2188
4971 4794
4971 2133
4971 2039
4971 1796
4971 2227
4971 4796
4971 2129
4971 4148
4971 2180
4845 4794
4845 2133
4845 2223
4845 1796
4845 2227
4845 2129
4845 2180
2189 2129
2188 2129
4794 4914
2039 1774
2123 1774
4796 1774
4914 2179
4914 2129
4914 1774
2179 2129
2179 1774
2129 1774
2129 2198
4972 4973
2146 2222
4974 4975
4976 4059
4059 4975
4975 4977
4899 4978
4979 4980
4981 4320
4982 4320
4320 4983
4950 4984
4951 4984
4219 4984
4218 4984
4218 4985
4986 4985
4984 4952
4984 4985
4952 4987
4952 4988
4952 4989
4952 4990
4952 4985
4987 4988
4987 4989
4987 4990
4987 4985
4988 4989
4988 4990
4988 4985
4989 4990
4989 4985
4990 4985
4224 1955
4925 4868
4991 4992
2133 4993
2133 1971
2227 4993
4794 4993
4794 1971
2180 4993
2039 4993
1796 4993
4148 4993
4148 1971
2221 4994
4786 4995
4920 4996
4997 4998
4999 5000
5000 5001
4843 4130
2146 1942
2133 5002
2180 5002
5002 2227
5002 2039
5002 1796
5002 4148
5003 2281
5003 4838
5003 2070
5004 5005
5006 2084
5007 5008
4945 5009
5010 5011
2014 1809
1809 4802
4797 1971
1970 2227
5012 5013
5014 5015
5016 2487
4200 2146
5017 4921
5017 5018
4921 5018
4921 4963
5018 4963
5019 5020
4683 4721
4912 5021
4912 5022
4913 5021
4913 5022
5021 5022
5023 5024
5025 5026
4805 5027
4806 5028
4806 5027
5028 5029
5028 5030
5028 5031
5028 5027
5028 2600
5029 5027
5030 5027
5032 5027
5033 5034
5033 5027
5033 5024
5034 5027
5034 5024
5031 5027
5027 2600
5027 5024
4627 5035
2230 1916
5036 5037
5038 4159
1960 2233
4320 5039
5040 5041
5042 4636
5043 5044
2220 2652
2220 5045
5046 2652
5047 5048
2652 5045
3436 5049
5050 5051
5051 4683
5051 4676
5051 4721
5051 4722
5051 4682
5051 4677
5051 5052
5051 5053
4683 4722
4683 4677
4721 4682
4721 4677
4722 4682
4722 4677
4682 4677
5054 2651
5054 5055
2651 5055
5056 5055
5057 5058
2333 5059
2171 1912
2171 4891
2170 1912
2170 4891
2169 4891
4782 4891
5060 5061
5062 4950
5063 5061
5061 5064
5065 5066
5066 5044
5067 5043
2183 5068
5069 5070
5071 2710
5072 5073
4020 5074
4755 5075
2129 5076
5003 2040
5077 5078
5079 5080
5003 2071
5003 2041
2071 5081
2040 5081
5081 2041
1944 2275
1944 5082
5083 5084
5085 5086
5085 5087
5086 5087
5088 5089
5090 2518
2129 1944
2129 1809
5091 5092
5093 5094
2224 5095
2224 5096
5097 5098
5099 4975
5099 5100
4975 5100
1917 5101
5102 5103
5104 5105
5106 4858
1808 2129
5040 5107
2044 2143
2044 2144
5108 5109
4181 5110
2234 5111
2234 5112
2234 1907
5111 1907
5113 5114
5113 5115
5113 5116
5113 5117
5113 5118
5113 5119
5113 5120
5113 5121
5114 5115
5114 5122
5114 5116
5114 5117
5114 5119
5114 5121
5123 5119
5123 5121
5115 5116
5115 5117
5115 5119
5115 5121
5122 5119
5116 5117
5116 5119
5116 5121
5117 5119
5119 5121
5124 5125
4921 4931
5018 4931
4932 4963
5126 5127
5128 5129
4934 5130
4921 5131
5132 5133
5134 5135
5134 2060
5122 5136
2487 5137
2487 5138
5137 5016
5137 2844
5137 5138
5016 2844
5016 5138
3413 3509
5139 5105
5139 4940
5105 4940
5140 5141
4921 2043
4921 5142
2043 5142
2143 5143
2143 5018
5144 5145
5146 5145
5147 5148
5149 2330
1905 5150
5151 5152
5152 5153
4829 5154
5155 4226
5155 2144
4226 2143
4226 2144
2143 4874
2143 4934
2143 5130
2144 4934
2144 5130
5156 5157
5158 5159
2041 4147
2613 5160
4639 5161
4639 2789
5161 5064
5161 2789
4653 5162
5163 2231
5077 5018
5077 4963
5164 5165
5166 5167
4210 2129
2129 2199
4020 5168
5169 5170
5171 5172
5173 3658
5173 3659
5173 776
5173 5174
3658 5174
3659 4798
3659 5174
776 5174
2330 5175
5176 5177
5178 5179
4763 5073
5180 5181
5182 5183
5182 5184
5182 5185
5183 5184
5183 5069
5183 5185
5186 5187
5186 5184
5184 5185
5185 5188
4694 5189
5190 5191
5192 5193
5194 5195
5196 4639
5196 2517
5196 5161
5197 5161
5195 5161
5198 5161
4639 4685
2517 5161
4685 5161
5199 5200
5201 4677
2163 5202
5203 5204
5204 5205
5206 5207
5208 5209
5068 2181
5210 2181
2181 5211
5212 5213
5149 5175
2330 5214
5214 5175
5215 4685
1797 4901
4956 5211
2182 5211
2182 5210
5216 5217
4940 5218
5219 5220
5221 5222
5221 5223
5221 2334
5222 5224
5222 5223
5222 2334
5222 5127
5222 5225
5223 2334
2334 5225
5226 5066
5227 5228
5229 5230
5004 5231
5232 5233
4059 5234
5114 5184
5114 5235
5119 5184
2483 2652
5236 5237
5236 5238
5236 5239
5240 5004
5240 5238
5241 5238
5004 5238
4613 5238
5238 5239
5242 5243
5242 5208
5243 5244
5243 5208
5245 5244
5115 5246
5115 5247
5244 5248
5249 5250
5251 5252
5173 5253
5253 5174
5254 5255
5256 5257
5258 4988
5258 5259
4988 5259
5260 2517
5261 5262
2144 2317
2144 4911
2144 4614
2144 4875
2144 4613
2317 2143
4614 2143
4875 4613
4875 2143
4613 2143
5263 5264
5264 4870
5264 5265
4870 5265
5266 5235
5209 5064
5209 5267
5268 5269
5269 5043
5270 5271
5270 4950
5272 4950
5273 5274
5203 4320
4320 5204
5275 2714
5276 4020
5277 5278
5279 5278
5278 5280
4910 5281
5281 4911
4210 4148
5282 5283
5283 4636
5284 5285
5284 5286
5284 5287
5284 5288
5284 5289
5284 5290
5285 5291
5285 5292
5285 4685
5285 5286
5285 5287
5285 5289
5285 4637
5291 5293
5291 5286
5291 5289
5293 5286
5294 5287
5295 5064
5296 2680
5297 5289
4685 5289
4685 2680
4685 4637
4685 5298
5286 5287
5286 5288
5286 5289
5286 5290
5286 5298
5287 5289
5287 4637
5289 4637
2680 4637
5299 4320
5300 5301
5302 4213
5161 2499
5161 2790
2238 2338
2041 1912
2041 2140
5100 5303
5304 5305
5306 5307
5308 5307
5025 5309
5309 4979
5309 4980
2510 5310
2105 2143
5311 5312
5311 5313
5314 2517
5315 4685
4685 2790
5316 5317
5061 5318
5245 5319
5319 5244
5320 5263
5320 4630
5263 4630
5086 4840
5321 5322
4734 5323
5318 5248
5324 5325
5326 5037
5327 2585
5328 5329
5330 5291
5330 2836
5331 5332
5331 2836
5332 2836
5291 2836
5333 5030
5334 4911
5335 5336
5335 5337
5336 5337
5336 4881
5336 5338
5337 4881
5337 5338
4881 5338
3180 4411
5339 5340
1944 1976
4733 4711
4733 5263
4711 4881
4711 5263
4711 4880
4881 5263
5263 4880
5231 5005
5341 5342
5081 2338
5081 2238
5343 2228
2062 2773
2773 2061
5344 5345
4875 5346
4875 5240
5346 2143
5240 5347
5347 2144
5348 5349
5350 5351
5352 5353
5173 5354
5253 5354
5186 5114
5186 5119
5114 5355
5114 5264
5119 5188
5119 5355
5119 5264
5356 5184
5115 5355
5184 5264
5184 5265
5357 5264
5291 5358
5359 5360
2476 5361
2476 5362
5361 2682
4909 2682
5363 5364
5365 5366
5079 5367
5368 5369
5136 5370
5263 4710
2710 5371
5372 5373
5372 5025
5373 5025
5374 2487
5374 5016
4724 2844
4724 5016
5375 4131
4691 5376
5377 1900
4677 5378
5379 5380
5379 5278
5380 5278
5380 5381
5380 5277
5380 5382
5278 5381
5278 5382
5279 5381
5383 5318
5318 5384
5385 5215
5183 5119
5185 5119
5185 5114
5386 5387
5264 5319
5114 5319
5184 5319
5319 5185
5319 5119
5388 5389
5390 5389
5391 5392
5393 5394
5064 5395
5064 5394
5064 5396
5394 5396
5397 2754
5397 2753
5398 5399
5400 4713
4694 5401
5402 5403
5119 5404
5405 2234
3542 5406
2130 1906
5051 5407
4677 5407
5407 4682
5408 5409
5410 5411
5223 5126
5223 5412
5413 5126
5414 5415
5155 4921
4921 4226
4921 2142
4921 2143
4921 2144
5185 5416
5417 5319
5183 5319
5183 5416
5182 5319
5319 5416
5319 5116
5416 5119
5223 5418
5419 5222
5419 5418
5222 5418
5222 5420
3658 5253
3659 5253
5253 776
5087 5421
5087 5422
5087 5099
5087 4211
5087 5303
5087 4171
5087 4974
5088 5422
5088 5099
5088 5085
5088 4211
5088 5303
5088 5423
5088 4171
5088 5424
5088 4974
5088 5086
5425 4171
5422 5099
5422 5426
5422 5427
5422 5428
5422 5085
5422 5429
5422 4211
5422 5303
5422 5423
5422 4171
5422 5424
5422 4974
5422 5089
5422 5086
4212 4171
4212 4974
5099 5428
5099 5085
5099 4211
5099 5303
5099 5423
5099 4171
5099 5424
5099 4974
5099 5089
5099 5086
5426 5085
5426 4211
5426 5303
5426 4171
5426 5424
5426 4974
5426 5086
5427 5423
5427 4171
5427 5424
5427 4974
5427 5089
5428 5085
5428 4211
5428 5303
5428 5423
5428 4171
5428 5424
5428 4974
5428 5089
5428 5086
5085 5429
5085 4211
5085 5303
5085 5423
5085 4171
5085 5424
5085 4974
5085 5089
5429 5303
5429 5086
4211 5303
4211 5423
4211 4171
4211 5424
4211 4974
4211 5089
4211 5086
5303 5423
5303 4171
5303 5424
5303 4974
5303 5089
5303 5086
5423 4171
5423 5424
5423 4974
5423 5089
5423 5086
4171 5424
4171 4974
4171 5089
4171 5086
5424 4974
5424 5089
5424 5086
4974 5089
4974 5086
5089 5086
4836 5086
5114 5384
5114 5246
5121 5246
5115 5384
5115 5185
5384 5430
5384 5246
5384 5416
5384 5119
5384 5368
5430 5368
5246 5116
5246 5117
5246 5119
5431 4059
5432 2712
5391 2510
5239 5208
2848 5433
5434 2565
4019 5435
5436 5437
4800 2196
2129 4801
4801 2196
3001 5438
5439 3542
5440 5441
5442 5443
2537 2848
5444 2538
2848 2538
2565 5445
4711 4019
4019 4880
4711 5435
2653 5258
2653 4988
5446 4988
5447 4701
5447 5448
5447 4703
5447 4704
5447 5449
5447 5450
4701 5451
5448 5449
5448 5450
5449 5450
5452 4940
4843 4131
5257 2845
5453 5172
5454 4519
5455 5456
2565 5457
4921 5458
4921 5459
5460 5461
4911 5462
5463 5425
5087 4840
5464 5465
4984 5466
4984 5465
5467 1769
5468 5469
5177 5470
5471 5472
5473 5474
5473 5475
5476 5475
5477 5478
5479 5235
5480 5481
5116 5355
5482 5355
5483 2481
2837 4685
4685 2836
5484 2736
5485 5486
5485 5487
5486 5487
5488 5064
5488 5161
5065 5489
5065 5161
5066 5489
5066 5161
5489 5161
5394 5161
5490 2338
5491 5492
5493 4211
5494 5495
5496 2228
5497 5246
5497 5119
5497 5355
5246 5482
5246 5355
5119 5482
5119 4017
5498 5499
5500 2257
4801 2257
5269 5283
5269 5042
5269 4636
5269 5282
5501 5502
5283 5042
5502 2736
5319 5070
5503 5504
5085 5505
5506 5507
2846 5257
5508 5509
5510 5511
5176 5000
5512 5513
5512 5514
5512 5515
5512 5000
5516 5110
5516 2653
5388 5000
5513 5515
5514 5515
5514 5517
5514 5000
5514 5390
5177 5518
5177 2332
5177 5000
5177 5390
5519 5515
5518 2332
5518 5000
5515 5517
5515 2332
5515 5000
5515 5390
5517 5000
2332 5000
2332 5390
5000 5390
5277 5309
2572 5520
5521 5522
5404 5319
2780 5523
2780 5007
4705 2517
2647 5110
2647 5524
2740 5525
5526 2789
2572 2720
4651 5527
5527 4652
5528 5529
5530 4685
5531 2570
5531 2569
5114 5482
5114 5136
5115 5319
5532 4733
5532 5533
5532 4880
5532 5320
4733 5533
4733 5320
5533 4880
5533 5320
4880 5320
5534 5407
4411 5535
5536 5537
5536 4644
5537 4644
5538 5539
5025 5433
5373 5433
5004 4874
5540 5541
5540 2487
5541 2487
5541 4681
5541 2844
5542 5543
5544 5545
5428 5546
5085 5546
5547 5548
4723 2790
2583 2790
5549 5386
5550 2483
5551 2287
5551 5552
5551 5110
5553 5177
5553 5552
5553 5110
5553 5554
5553 5000
5177 5554
2287 5552
2287 5110
5552 5110
5554 5000
5554 5390
2647 5337
2483 4709
5555 5556
5557 5558
4327 2824
2731 5559
4755 5560
5561 2668
5562 5563
2667 5564
5564 2668
2710 5565
5071 5371
5566 5567
5568 4755
5569 5570
5571 5572
5481 5573
5304 5574
5575 2824
698 5576
4118 1696
5577 5578
2487 5579
5580 5581
5582 5583
5584 2585
5585 5586
5066 2583
5587 5588
5139 2224
5139 5095
5139 5589
2224 5589
5066 2481
5590 5591
5592 5593
2586 5594
2588 5594
5594 2779
2332 5595
5584 5596
5596 2585
5597 5598
4166 5599
4184 4165
4184 5599
4165 5599
5599 5600
5601 5066
5065 5601
5001 5011
5532 5263
5532 4988
5532 4710
5602 5263
5602 4711
5602 4733
5602 4710
4711 4988
4711 4631
4988 4710
4631 4710
4733 4710
5433 2538
2848 2539
5603 5025
5310 2538
5604 5605
5606 5607
4284 5608
5609 5610
5611 5025
5388 5612
5388 5011
5390 5612
5390 5011
5390 5010
2332 5612
2332 5011
2332 5010
5612 5518
5612 5011
5612 5010
5518 5011
5518 5010
5229 5613
5372 5603
5139 5110
5105 2224
5614 5110
5110 4940
5110 2224
4940 2224
5615 5616
5617 5618
5619 5620
5620 5621
5114 5622
5384 5319
5623 5622
5623 5624
5622 5319
5622 5185
5622 5119
5622 5624
4211 4975
5431 4975
4931 1892
4931 2143
2101 2143
5625 4934
5625 2143
1892 2143
5626 5554
5209 5136
5114 5064
5114 5497
5136 5064
5136 5627
5064 5627
4938 5628
4644 5627
5629 5630
5629 5631
5632 5309
5633 5137
5633 5541
5633 2487
5137 5541
5025 5229
5634 5635
3001 4719
5636 5160
4677 5637
5278 5309
5638 5639
5638 5640
5638 5474
5638 3356
5639 5640
5641 5640
5475 5640
5640 5474
5640 3356
5236 5642
5642 5240
5642 5238
4057 5508
4057 5509
5508 5234
4057 5643
4057 5234
5509 5643
5509 5234
5643 5234
5644 5008
5645 5646
5646 4629
5646 4710
4629 4710
4629 5532
4629 5647
4710 5647
4710 5648
5532 5647
5649 5064
5649 5115
5649 5114
5650 5064
5114 5651
4131 4842
2832 4659
5652 5653
5652 5654
5652 5331
5652 5248
5331 5248
5655 5656
5655 5309
5656 5309
5657 5658
5657 5271
5657 5659
5657 5660
5657 5661
5657 5662
5657 5161
5657 5270
5658 5271
5658 5659
5658 5660
5658 5661
5658 2498
5658 5663
5658 5664
5658 5662
5658 5270
5271 5659
5271 5660
5271 5665
5271 5661
5271 5662
5271 4639
5271 5161
5659 5332
5659 5660
5659 5248
5659 5666
5659 5661
5659 5667
5659 5664
5659 5662
5659 5161
5659 5270
5332 5660
5332 5661
5332 5662
5332 2517
5332 5161
5330 5161
5660 5668
5660 5248
5660 5666
5660 5665
5660 5661
5660 5667
5660 2836
5660 5662
5660 2517
5660 5161
5660 5270
5668 5248
5668 5661
5668 5667
5668 5662
5668 5161
4643 5661
4643 5662
4643 5161
5248 5665
5248 5661
5248 5667
5248 2836
5248 5662
5248 5161
5248 5270
5669 2517
5669 4639
5669 5161
5670 5161
5666 5661
5666 5662
5666 5161
5671 5661
5671 5663
5671 5662
5665 5662
5665 2517
5665 4639
5665 5161
5665 5270
5530 2517
5530 5161
5661 5667
5661 2498
5661 5663
5661 5664
5661 5662
5661 5161
5661 5270
5667 5662
5667 5161
5672 5161
2498 5663
2498 5662
2498 2517
2498 5161
2498 5270
5663 5662
5663 5161
5663 5270
5664 5662
5664 5161
2836 5662
2836 5161
5662 2517
5662 5161
5662 5270
2517 5270
4639 5270
5161 5270
5350 5376
5426 5673
4975 5422
4975 5085
4975 5303
4975 5423
4975 4171
4975 5673
4975 5424
4975 5086
5088 5673
3346 5674
3346 5493
3346 4211
3346 5423
3346 4171
3346 5424
3346 4974
5422 5546
5422 5673
5674 5493
5674 4211
5674 5423
5674 4171
5674 4974
5099 5546
5099 5673
5493 5423
5493 4171
5493 5673
5493 5424
5493 4974
5493 5089
5428 5673
5085 5673
5546 4211
5546 5303
5546 5423
5546 4171
5546 5673
5546 5424
5546 4974
5546 5089
5546 5086
4211 5673
4211 5675
5303 5673
5423 5673
4171 5673
4171 5675
5673 5424
5673 5675
5673 4974
5673 5089
5673 5086
5675 4974
5675 5089
5676 5066
5677 5229
2600 5229
5031 5678
5030 5229
5028 5229
5678 5229
5678 5027
5229 5027
2781 5679
2781 5680
5679 5680
5381 5309
5329 4746
5329 4747
5329 5681
5329 4719
5329 5438
4908 4719
4907 4719
4746 3001
4746 4719
4746 5438
4747 3001
4747 5328
4747 5681
4747 4719
4747 5438
3001 5681
5328 4719
4745 5438
5682 4719
5682 5438
5681 4719
5681 5438
4719 5438
5683 2570
5684 5027
5027 5685
5027 5686
5027 5687
5688 5423
5688 4171
5688 5689
5099 5689
5690 5423
5690 4171
5085 5689
5423 5689
4171 5689
5424 5689
5689 5086
5691 5386
5692 2475
5693 5694
5695 5696
5422 5697
5667 5698
5667 5699
5667 2499
5660 5700
5660 5698
5660 5699
5660 2499
5700 5659
5700 5662
5700 5701
5700 5661
5700 5248
5700 5161
5700 5270
5668 5698
4635 4639
4635 5161
5662 5698
5662 5699
5662 5701
5662 2499
5698 5248
5698 2499
5698 5161
5699 5661
5699 5248
5699 2499
5699 5161
5702 5161
5703 4639
5703 2517
5704 5161
5701 5661
5701 5161
5027 5705
4718 5329
4718 5438
2527 2692
5706 5707
5708 5707
5709 5710
5709 5707
5709 5711
5709 5541
5633 5707
5633 5711
5633 2798
5633 5712
5707 5713
5707 5711
5707 5541
5707 2798
5707 5712
5707 5714
5707 5387
5707 5715
5713 5711
5713 5541
5711 5541
5711 2798
5711 5715
5541 2798
5541 5712
2798 5712
5716 5717
5717 5718
5456 4959
5719 5720
4875 5721
5240 5721
5722 2692
5722 4352
5722 2390
2692 5723
2692 4352
5724 5691
5724 5387
5724 5386
5691 5387
4685 5668
5725 5229
5086 5505
5087 5505
2597 5726
5727 5711
4917 2540
2496 5728
2497 5728
5729 5244
5350 5244
5350 5245
5376 5244
5629 5730
4911 5731
4725 5177
2619 5732
5732 2618
4691 5350
4691 5244
5064 5242
5064 5208
5064 5244
5733 5245
5733 5244
4747 5734
5734 4719
5735 4719
5727 5707
5727 5715
5727 5736
5727 5137
5727 5633
5727 4661
5727 5737
5727 5738
5727 2487
5727 5739
5727 5540
5707 5736
5707 5137
5707 4661
5707 5737
5707 5738
5707 2487
5707 5739
5707 5540
5707 5740
5707 5741
5707 5742
5707 5743
5387 5137
5387 5737
5387 5738
5387 2487
5709 5137
5709 5737
5709 5738
5709 2487
5709 5743
5715 5137
5715 4661
5715 5737
5715 2487
5736 5137
5736 4661
5736 5737
5736 5738
5736 2487
5736 5711
5736 5739
5137 5706
5137 4661
5137 5737
5137 5738
5137 5713
5137 5711
5137 5739
5137 5540
5137 5741
5633 4661
5633 5737
5633 5738
5706 5737
4661 5737
4661 5738
4661 2487
4661 5713
4661 5711
4661 5739
4661 5540
5737 5738
5737 2487
5737 5713
5737 5711
5737 5739
5737 5540
5737 5741
5737 5714
5737 5742
5738 2487
5738 5711
2487 5711
2487 5743
5711 5739
5711 5540
5741 5714
5470 2332
5744 5745
2333 5389
2333 5746
2333 5011
2333 4725
2333 5177
2333 5554
2333 5000
5059 5389
5059 5746
5059 5011
5059 4725
5059 5177
5059 2332
5059 5554
5059 5000
5389 5746
5389 5011
5389 4725
5389 5177
5389 2332
5389 5554
5389 5000
5746 5011
5746 4725
5746 5177
5746 2332
5746 5554
5746 5000
5011 4725
5011 5177
5011 5554
5011 5000
4725 5554
4725 5000
2332 5554
5747 5748
2540 5749
5750 5064
5349 5751
5349 5752
5349 2844
5349 4698
5349 2487
5349 5753
5751 5348
5751 5752
5751 2844
5751 4698
5751 2487
5348 4698
2844 5754
4613 4921
2212 4921
5755 4921
2213 4921
5756 5757
5713 5758
5713 5759
5709 2844
5709 5759
5633 5758
5633 5760
5633 5759
5741 5758
5137 5758
5137 2798
5137 5760
5137 5712
5137 5759
4661 5758
4661 5541
4661 2798
4661 5760
4661 5712
4661 5759
5727 5541
5727 2798
5727 5760
5727 5712
5727 5759
5737 5761
5737 5758
5737 2844
5737 5541
5737 5364
5737 2798
5737 5760
5737 5712
5737 5759
5761 5707
5761 5759
5710 2844
5710 2487
5707 5758
5707 2844
5707 5364
5707 5760
5707 5759
5711 5758
5711 2844
5711 5760
5711 5759
5758 5739
5758 5540
5758 5541
5758 2798
5758 5760
5758 5712
5758 5714
5758 5759
5758 2487
5739 5541
5739 5760
5739 5712
5739 5759
5762 5759
2844 5759
5540 5760
5540 5759
5541 5760
5541 5759
5364 5759
2798 5760
2798 5759
5760 5712
5760 5759
5760 2487
5712 5759
5759 5387
5759 2487
5759 5715
5763 5764
5027 5765
5766 5767
5768 4911
5769 2572
5533 5524
4728 5770
5770 2582
5743 2844
5771 5772
4931 5773
4931 5142
5773 5142
5773 5459
5774 5622
5622 5775
5776 5209
5776 5777
5027 5778
5350 5729
5209 5729
5729 5064
5779 5368
4171 4222
4171 4223
5424 5780
4733 5337
4711 5337
5337 4880
5350 5209
5242 5781
5777 5781
5781 5776
5781 5209
5209 4691
5247 5119
5782 5783
5229 5278
5784 5066
5785 5786
5787 5788
5789 5790
4190 2773
5791 5792
1835 5500
5793 2124
5794 5795
5796 5797
5796 5798
5797 5798
5796 5799
5800 1944
2293 5801
2275 1834
2275 1835
1834 1944
1835 1944
2257 1944
5802 5803
2234 1944
4807 1768
5804 5794
5805 5794
5806 5794
5134 5807
5808 1944
1834 2234
1834 5809
2234 1835
2234 5809
1835 5809
1835 2257
1944 5809
5800 5809
5082 5809
5797 5799
5797 5810
5797 5811
5796 5810
5799 5798
5799 5810
5799 5811
5810 5811
5516 5435
2196 2257
4800 2257
5500 2275
5500 5809
2275 5809
5812 5773
5773 2007
2234 2275
2234 5813
2234 5814
2234 5815
2234 5500
2234 5816
2234 5808
2275 5814
2275 5808
5814 5808
2719 2572
2721 2572
5817 5818
5819 4948
5819 5820
5819 5821
5819 1767
5819 4732
5819 5252
5819 4183
4948 4732
4732 5252
4732 4183
5822 5055
2650 5055
5823 5824
5823 5285
5222 5825
5222 5126
5066 5285
5826 5827
5292 5828
5292 5827
5825 5829
5825 5418
5825 2334
5825 5827
5825 5830
5831 5827
5061 5832
5061 5317
5061 5827
5223 5833
5834 5285
5834 5828
5834 5827
5835 5829
5835 5418
5835 5836
5835 5832
5835 5126
5835 5316
5835 5317
5835 5827
5829 5418
5829 5832
5829 5827
5413 5418
5413 5836
5413 5832
5413 5837
5413 5827
5824 5285
5824 5828
5418 5836
5418 5832
5418 5837
5418 5126
5418 5316
5418 2334
5418 5317
5418 5827
5418 5830
5838 5832
5838 5827
5836 5832
5836 5837
5836 5126
5836 5316
5836 5317
5836 5827
5832 5837
5832 5126
5832 5839
5832 5316
5832 5317
5832 5827
5837 5126
5837 5316
5837 5317
5837 5827
5126 5317
5126 5827
5285 5828
5285 5827
5839 5827
5316 5827
5828 5827
5317 5827
5827 5830
4959 2652
5167 5840
5768 5281
1767 4854
1767 4849
5841 5842
5843 5502
5553 4725
5553 2645
5553 2332
5553 5533
5553 5612
5746 5844
5746 5845
5746 5846
5746 5518
5746 5010
5746 5612
5844 5845
5844 2332
5844 5612
4725 5845
4725 5846
4725 5518
4725 5533
4725 5010
4725 5612
2645 5533
5845 5846
5845 5518
5845 2332
5845 5533
5845 5010
5845 5847
5845 5612
5846 2332
5846 5533
5846 5612
2332 5533
5533 5612
5847 5612
5848 4938
5848 4939
5226 5161
5819 5251
4942 4950
4694 4950
4950 5849
5850 5054
5851 2224
4219 5852
4714 5400
5852 4694
5853 2335
5853 5221
5853 5222
5853 2334
5418 2335
5854 2335
2335 5221
2335 5223
2335 5222
5384 5855
5384 5248
5855 5248
5856 5857
5858 5161
5161 5396
5394 5859
5295 5860
5861 5862
4884 5389
5645 4733
5863 5864
5863 5865
5864 5865
5866 4659
5852 4950
5852 5867
5852 4984
4694 4984
4950 5465
4950 5868
4950 5867
5868 5867
5868 4984
5867 4984
5869 5161
5870 5703
5870 2517
5870 4674
5703 4674
5161 4674
5871 5872
5873 5064
5750 5161
5874 5875
5357 5876
5357 5267
5357 5209
5877 5045
5870 4639
5703 2789
2789 4674
5878 4674
5878 2517
5770 2517
2726 4639
4639 4674
5879 2487
5880 5711
5880 2844
5880 2487
5473 5640
5881 5882
5883 2799
5883 2583
5294 2799
2799 2517
2799 2679
2799 2680
2799 2836
2799 5884
2799 2786
2799 5885
2799 4728
2799 4637
2799 5886
2799 2483
2799 5887
2799 2583
2799 5287
2517 2679
2517 2680
2517 2483
5314 4637
2736 2679
2736 2680
2736 2583
2679 5888
2679 4637
2679 2582
2679 2583
5888 4637
5888 2583
2680 2601
2680 2483
2680 2583
4705 2583
2837 2583
2836 2483
2836 2683
5884 2786
5884 4637
5884 2483
5884 2683
2601 4637
2601 2483
2601 2583
4638 4728
4638 2483
4638 2583
2786 4728
2786 5886
2786 2483
2786 5887
2786 2583
2786 2683
5885 4637
5885 2683
4728 4637
4728 5886
4728 2483
4728 2612
4728 5889
4728 5887
4728 2583
4728 5287
4728 2683
4728 5890
4728 5891
4637 2582
4637 5770
4637 5886
4637 2483
4637 5887
4637 2583
4637 2683
4637 5892
2582 5287
2582 2683
5770 2583
5886 2483
5886 2583
5886 2683
2483 5887
2483 2583
2483 5287
2483 2683
2612 2583
5889 2583
5887 2583
5887 5287
2583 5893
2583 5287
2583 2683
2583 5892
2583 5890
2583 5891
2583 5894
5287 2683
5890 5891
5236 5208
4019 5516
5516 4712
5895 5161
5779 5383
5779 5136
5779 5430
5383 5368
5383 5136
5383 5248
5896 5384
5896 5248
5897 5368
5368 5136
5136 5430
5231 5240
5898 5899
5898 5900
5899 5900
5901 5902
5901 2721
5901 4524
5901 5840
5901 5167
5901 5903
5901 5904
5901 2655
5166 5840
5905 4524
5905 2654
5905 4664
5905 2655
5906 4524
5906 2654
5906 2655
5907 4524
5907 4664
5907 2655
5902 2721
5902 4524
5902 5840
5902 5903
2721 5908
2721 4524
2721 5840
2721 5167
2721 2821
2721 5903
2721 5904
2721 2655
5908 2487
5908 4706
5908 2821
5908 4664
4657 2655
2701 2654
4524 5840
4524 2815
4524 5167
4524 2654
4524 4678
4524 5903
4524 5904
4524 4664
4524 2655
4706 2821
5840 5903
5840 5904
5840 2655
2815 5904
5167 2654
5167 5903
2654 2820
2654 4664
4656 2655
4678 2655
2820 4664
5903 5904
5903 2655
4664 2655
5113 5319
5114 5909
5910 5289
5911 5289
5286 2836
2483 5289
5912 5289
2836 5289
5913 4707
5016 5541
5603 5914
5915 5289
2789 5289
5916 5917
5389 5470
5389 5010
5389 5844
5389 5918
5389 5845
5389 5846
5389 5518
5389 5595
5389 5339
5389 5919
5389 5920
5389 5533
5389 5921
5389 5612
5626 5011
5626 5921
5553 5470
5553 5011
5553 5595
5553 5920
5553 5921
5470 4884
5470 5011
5470 4725
5470 5846
5470 5595
5470 5339
5470 5920
5470 5533
5470 5921
5470 5554
5470 5000
5470 5612
5010 5059
5010 5918
5010 2333
5010 5177
5010 5595
5010 5339
5010 5919
5010 5920
5010 5921
5010 5554
5010 5000
4884 5011
4884 5595
4884 5339
4884 5920
4884 2332
4884 5921
4884 5554
4884 5000
4884 5612
5390 5746
5390 5844
5390 5059
5390 2333
5390 5845
5390 5595
5390 5339
5390 5919
5390 5921
5746 5918
5746 5595
5746 5339
5746 5919
5746 5920
5746 5921
5844 5059
5844 5011
5844 5918
5844 2333
5844 5177
5844 5595
5844 5339
5844 5919
5844 5920
5844 5921
5844 5554
5844 5000
5059 5918
5059 5845
5059 5846
5059 5518
5059 5595
5059 5339
5059 5919
5059 5920
5059 5533
5059 5921
5059 5612
5011 5918
5011 5845
5011 5846
5011 5595
5011 5339
5011 5919
5011 5920
5011 5533
5011 5921
5918 2333
5918 4725
5918 5177
5918 5845
5918 5846
5918 5518
5918 5595
5918 5339
5918 5919
5918 5920
5918 5533
5918 2332
5918 5921
5918 5554
5918 5000
5918 5612
5388 5921
2333 5845
2333 5846
2333 5518
2333 5595
2333 5339
2333 5919
2333 5920
2333 5533
2333 5921
2333 5612
4725 5595
4725 5339
4725 5919
4725 5920
4725 5921
5177 5845
5177 5846
5177 5595
5177 5339
5177 5919
5177 5920
5177 5533
5177 5921
5177 5612
5845 5595
5845 5339
5845 5919
5845 5920
5845 5921
5845 5554
5845 5000
5846 5595
5846 5339
5846 5919
5846 5920
5846 5921
5846 5554
5846 5000
5518 5595
5518 5339
5518 5919
5518 5920
5518 5921
5518 5554
5595 5339
5595 5919
5595 5920
5595 5533
5595 5921
5595 5554
5595 5000
5595 5612
5339 5919
5339 5920
5339 2332
5339 5921
5339 5554
5339 5000
5339 5612
5919 5920
5919 5533
5919 2332
5919 5921
5919 5554
5919 5000
5919 5612
5920 5533
5920 2332
5920 5921
5920 5554
5920 5000
5920 5612
5533 5921
5533 5554
5533 5000
2332 5921
5921 5554
5921 5000
5921 5612
5554 5612
5000 5612
5875 4938
5922 4938
5923 5044
5924 2487
5672 4685
5925 4685
5379 5926
5379 5927
5379 5928
5926 5927
5926 5380
5926 5928
5926 5309
5926 5280
5926 5278
5927 5380
5927 5928
5927 5309
5927 5280
5927 5278
5380 5928
5380 5309
5380 5280
5928 5309
5928 5278
5393 5122
5242 5929
5394 5929
5929 5064
5929 5208
5930 5372
5930 5025
5931 5932
5933 5934
5935 4940
5236 5231
5936 5238
5238 5231
5937 2517
5938 2736
2333 2224
4181 5095
5110 5095
5339 2224
2224 5939
5940 4637
5423 5100
5423 5505
5423 5917
5424 5505
5424 5917
4171 5100
4171 5505
4171 5917
5087 5941
5088 5917
5425 5917
5422 5100
5422 5505
5422 5917
5099 5505
5099 5917
5100 5505
5100 4974
5428 5505
5428 5917
5085 5917
5505 4211
5505 5303
5505 5917
5505 4975
5505 4974
5546 5917
4211 5917
5303 5917
5673 5917
5917 4975
5917 4974
5917 5089
5917 5086
5537 5942
5537 5943
5536 5943
5944 5945
5946 5027
5947 5027
5603 5948
5603 5027
5949 5787
5950 4352
5950 2390
5950 5722
5950 2527
5950 2692
4352 5951
4352 2527
2390 5951
5951 5722
5722 2527
5952 5737
5953 5396
5953 5394
5953 5064
5395 5750
5395 5161
5954 4629
5954 5955
5956 5957
4911 5958
5462 5768
5959 5960
5961 2725
5298 5962
5298 2725
5878 2725
5962 2725
4846 5963
5963 5964
5963 4847
2799 5066
5965 4875
5965 5966
4875 5966
5967 5966
5161 5900
5543 5968
5968 5542
4705 5969
4705 4685
5969 4685
5969 2517
2736 4685
4685 4674
2007 4921
5755 2143
4614 4921
5874 4938
5970 5418
2660 5971
5276 2540
5276 4917
2539 4917
5924 5743
5924 2844
5972 2487
2489 2844
5973 3776
2601 5974
5974 2602
5975 5976
5977 5978
5979 5980
5235 5160
5067 2736
5966 5981
5966 5982
5966 5625
5966 4874
5966 5983
5981 5982
5981 4875
5642 5982
5642 5625
5240 5982
5984 5982
5982 5625
5982 4875
5982 4874
5982 5983
5982 5967
5982 4613
5982 5238
5982 5985
5625 4875
5625 4874
5625 5983
5625 5967
4875 5983
4874 5967
4874 5231
5225 2335
5127 5418
5986 2335
2725 5987
2725 5988
5962 5987
5989 5276
5990 5991
5992 5993
5994 5995
5890 5995
5996 5995
5995 5997
5995 5998
5995 5637
5999 2734
6000 5000
5976 1900
5368 5781
5114 5781
5115 5781
5781 5369
5548 6001
6002 6003
5628 4939
6004 6005
6004 2688
6006 6005
6006 6007
6005 6007
6005 2688
6007 2688
6008 5063
6008 5061
5065 2799
5489 2684
2684 5883
2684 2799
5532 5258
6009 6010
6011 2848
6011 6012
6011 4627
6011 2539
6011 2538
6013 2538
5444 6014
5444 6012
6015 2538
6014 6012
6014 2538
2848 6012
2848 4627
2848 2766
6016 2847
6016 4627
6016 6017
6016 2766
6016 2538
6012 2539
6012 2538
6012 2537
5035 6017
5035 2538
6018 2538
6019 6017
6020 4627
2847 4627
2847 6017
2847 2766
2847 2538
6021 6017
4627 6017
4627 2539
4627 2538
6017 2766
6017 2538
2766 2539
2766 2538
2725 4674
6022 6023
5286 5394
5394 5291
5394 2836
6024 5993
4733 4688
4733 6025
4733 5524
4733 4019
4733 5516
4733 5553
4733 4131
4733 2647
4733 5338
4733 6026
4710 5524
4710 4712
4710 4019
4710 5516
4710 2646
4710 4630
4710 2645
4710 5337
4710 4881
4710 5553
4710 6027
4710 4131
4710 6028
4710 2647
4710 5338
4710 5533
4710 4880
4710 5955
4710 5320
4688 4019
4688 5516
4688 2645
4688 5337
4688 4881
4688 4131
4688 2647
4688 5338
4688 5263
4688 4880
4688 5320
6025 4019
6025 5516
6025 5337
6025 4131
6025 2647
6025 5263
6025 4880
5524 4712
5524 5532
5524 4019
5524 5516
5524 2646
5524 2645
5524 5337
5524 4881
5524 6027
5524 4131
5524 5542
5524 6028
5524 5338
5524 4880
5524 6029
5524 5320
4712 5532
4712 2645
4712 5337
4712 4881
4712 6027
4712 4131
4712 2647
4712 5338
4712 4880
4712 5320
5532 4019
5532 5516
5532 2646
5532 2645
5532 5337
5532 4881
5532 6027
5532 4131
5532 5968
5532 5542
5532 6028
5532 2647
5532 5338
5532 5955
5532 5543
4019 5337
4019 4881
4019 4131
4019 2647
4019 5338
4019 5263
4019 5320
5516 2646
5516 2645
5516 5337
5516 5602
5516 4881
5516 5553
5516 6027
5516 4131
5516 5968
5516 5542
5516 6028
5516 2647
5516 5338
5516 5533
5516 5263
5516 4880
5516 5955
5516 6029
5516 5543
5516 5320
2646 5337
2646 4881
2646 6027
2646 4131
2646 5338
2646 4880
2646 5320
4630 5337
4630 4131
2645 5337
2645 4881
2645 6027
2645 4131
2645 5338
2645 5263
2645 4880
2645 5955
2645 5320
5337 5602
5337 5553
5337 6027
5337 4131
5337 5968
5337 5542
5337 6028
5337 5533
5337 5263
5337 5955
5337 6029
5337 5543
5337 5320
5337 6030
5602 4131
5602 2647
5602 4880
4881 5553
4881 6027
4881 4131
4881 6028
4881 2647
4881 5533
4881 5320
5553 6027
5553 4131
5553 2647
5553 5338
5553 5263
5553 4880
5553 5320
6027 4131
6027 2647
6027 5338
6027 5263
6027 4880
6027 5320
4131 5968
4131 5542
4131 6028
4131 2647
4131 5338
4131 5533
4131 5263
4131 4880
4131 5955
4131 6029
4131 5543
4131 5320
4131 6030
5968 6029
5968 5320
5542 6028
5542 4880
5542 6029
5542 5320
6028 5338
6028 5533
6028 4880
6028 6029
6028 5320
2647 5338
2647 5263
2647 4880
2647 5320
6031 6032
5338 5533
5338 5263
5338 4880
5338 5320
5263 5955
4880 5955
4880 6026
5955 5320
6029 5543
6029 5320
5543 5320
5320 6030
2725 2790
2725 2789
2790 4674
2790 2724
2789 4675
2789 2724
2488 2844
6033 6034
6035 5502
6036 4713
5400 5047
2583 5306
2583 5047
6037 5222
5286 6038
5286 6039
5286 6040
5394 6039
5394 6040
6039 6040
6040 2836
6040 5291
2650 6041
6042 5932
6043 5932
5932 6044
5323 4732
5286 5544
5394 5293
6040 5652
6045 5516
5516 5551
6046 6047
6046 6048
6046 6049
4910 5768
5652 5855
6050 6051
6052 6051
6053 6051
6054 6051
6055 6051
6056 6051
6057 6051
5726 2475
6012 6058
6058 5444
6058 2848
6058 2538
6059 6043
6059 5932
5613 5027
6060 5817
5335 4631
5011 6000
5925 2517
6061 6062
6061 6063
6061 6064
6061 2600
6061 6065
6061 6066
6061 6067
6061 6068
6061 6069
6061 6070
6061 4686
6061 6071
6061 6072
6061 6073
6061 6074
6061 6075
6061 6076
6061 6077
6061 5621
6061 5475
6061 6078
6061 6079
6061 4039
6061 4307
6061 6080
6061 6081
6061 6082
6061 6083
6061 6084
6061 2599
6061 6085
6061 6086
6061 4687
6061 6087
6061 6088
6061 6089
6061 6090
6061 6091
6061 6092
6061 6093
6061 6094
6061 6095
6061 6096
6061 4038
6067 4039
6067 4307
6067 6083
6067 6093
6074 6088
4039 6083
4039 6093
4307 6083
4307 6093
6083 6093
4207 4921
4921 6097
2583 6098
2583 5672
6099 5788
6099 5787
6099 6100
5788 5949
5788 6100
5787 6100
6098 4637
4733 6101
6102 2699
6103 6104
6105 5857
6105 6104
5857 6104
2802 4352
5950 6106
6106 2390
6106 2692
6106 4352
2766 5311
6016 5311
6107 2538
2538 5311
5311 2847
6108 5161
6108 5750
6108 5395
6108 5064
6109 5167
6110 5773
6111 5773
6112 5773
5347 2297
6113 5773
6113 2297
6114 5773
6114 2297
5966 6115
5966 5773
5966 2297
5981 5773
6115 5773
6115 2297
6115 2298
6115 5967
6115 6116
6117 5773
6117 2297
5773 6118
5773 2297
5773 2298
5773 5967
5773 5965
5773 6116
6118 2297
6119 2297
2297 5967
2297 5965
2297 6116
5967 6116
6120 4985
4218 5466
4950 6121
5394 6122
6123 6124
5743 5016
6125 5016
6125 2487
5924 5016
6126 2487
6126 2844
5016 5709
6127 5899
5646 4131
5224 5651
5224 5119
5651 6128
5651 5246
5651 5119
5651 5497
6129 6130
6131 5603
6132 6133
6132 6052
6132 6134
6132 2556
6132 6135
6132 6136
6132 6137
6132 6138
6139 6133
6139 6134
6140 6134
6140 6137
6141 6134
6142 6052
6133 6143
6133 6136
6133 6137
6144 6134
6144 6137
6145 6134
6052 6134
6052 2556
6052 6135
6052 6137
6052 6138
6134 2556
6134 6146
6134 6135
6134 6136
6134 2555
6134 6050
6134 6137
6134 6138
2556 6135
2556 6137
2556 6138
6135 6137
6135 6138
6136 6137
2555 6137
6050 6137
6137 6138
2781 6147
2781 6148
6147 6148
2287 5263
6149 5488
5289 5894
5289 2736
6150 5872
6150 5871
5333 5635
2789 4685
4685 5527
6151 6152
2680 6153
6153 2679
6154 6155
6154 5737
6156 5711
6156 5541
6156 5137
6156 5737
6156 5707
6157 6155
6157 2487
5711 6158
5711 6155
5711 5751
5711 4681
5711 6159
5727 6155
5727 5751
5727 6160
5727 6159
2486 5751
2486 2844
6158 5541
6158 5137
6158 4661
6158 5737
6158 5707
5708 5137
5708 5737
6161 6155
5686 6155
5736 6155
5736 5751
5736 5541
5736 5760
5736 5712
5633 6155
6162 6155
6162 5758
6162 5739
6162 5751
6162 5541
6162 5760
6162 4661
6162 5737
6162 5707
6155 6163
6155 5758
6155 5739
6155 5880
6155 5751
6155 6164
6155 6160
6155 6165
6155 5540
6155 5541
6155 6166
6155 2798
6155 5760
6155 5712
6155 6159
6155 6167
6155 6168
6155 6169
6155 5137
6155 4661
6155 5737
6155 2487
6155 5707
6163 5758
6163 4661
6163 5737
6163 2487
5758 5751
5758 6160
5758 6165
5758 6159
5739 5751
5739 6159
5880 5737
5880 5707
5751 6160
5751 5540
5751 5541
5751 5760
5751 5712
5751 6159
5751 5137
5751 4661
5751 5737
5751 5707
6160 5541
6160 5760
6160 5737
6160 2487
6160 5707
6165 5737
6165 2487
5541 6159
4681 5737
4681 5707
5760 6159
6159 5137
6159 4661
6159 5737
6159 2487
6159 5707
6170 6171
6172 5759
5540 5016
2798 5016
5761 6173
5708 5759
5952 6173
5952 5759
5952 5016
5709 6174
6158 6173
6158 5759
6158 5016
5924 5759
5736 6174
5736 6173
5736 5759
5736 5016
5633 6173
5633 5016
5706 5016
6162 5759
5737 6174
5737 6173
5737 5374
5737 5016
5738 6174
5738 6173
5738 5541
5738 6159
5738 5759
5738 5016
6175 5016
4724 5541
4724 5759
5707 6174
5707 6173
5707 5016
5711 6173
5711 5016
5758 5016
6174 5541
6174 5712
6174 5374
6174 5759
6174 5016
6176 5759
6173 5541
6173 6156
6173 5374
6173 6159
6173 5759
6173 5715
6173 5137
6173 4661
6173 2487
6173 5016
5541 5374
6156 5759
6156 5016
4681 5759
4681 5016
6154 5759
5712 5016
5374 5759
6159 5759
6159 5016
6177 5759
6178 5759
5743 5759
5759 5016
5759 5742
4661 5016
5503 6179
4880 5954
4880 4629
4880 4628
6180 5337
2647 4711
2647 4629
2647 4628
5532 5954
4711 5336
4711 4131
4711 4630
4711 4629
4711 5338
4711 4628
5335 4710
5336 4131
5336 4710
4131 5954
4131 4629
4131 4628
4688 4628
5263 4629
5263 4628
5954 4881
5954 5337
5954 5338
5954 2645
5954 4710
4629 4881
4629 5337
4629 5338
4629 2645
4881 4628
5337 4628
5338 4628
4628 4710
6181 5113
6182 6183
5729 5208
6184 4644
2517 4652
4652 4685
6185 6186
5689 4837
6184 6187
5963 6188
6147 5399
5649 6189
5649 6190
6191 6189
6189 6192
6189 5488
6192 5488
6193 2844
6193 2607
6193 6194
6193 5579
6193 6195
6193 6196
6193 6197
6193 6198
6193 2487
2844 5579
2844 6198
6199 2487
6194 6195
6194 6196
6200 5579
5579 6198
6198 2487
6012 4698
6012 5433
6012 6201
6058 4698
6058 6201
5433 6201
6201 6202
6201 2538
6202 2538
6203 6204
6203 5597
6204 5597
5389 5001
5918 5001
5001 5845
5001 5518
5001 5595
5001 5919
5001 5920
5001 5010
5001 5612
5548 6205
5711 6206
6207 5727
6207 6173
6207 5759
6207 5737
6207 2487
5727 6208
5727 6206
5727 6173
5727 6125
5727 5374
6208 6173
6208 5759
5738 5751
5738 5760
5707 5363
5707 6209
5363 5737
6206 6173
6206 5760
6206 5759
6206 4661
6206 5737
6206 2487
5739 6173
5739 6209
6173 5751
6173 6210
6173 6125
6173 5760
6173 6211
6173 5364
6173 6209
5751 5759
6210 5759
6210 6209
6125 5759
5759 6209
5137 6209
5737 6209
5364 6209
4723 4685
6212 4685
5310 5311
6016 6213
5055 2652
5054 2652
6214 5971
1780 5077
1780 5773
5077 5773
5078 5773
5929 4939
6215 4938
6216 4938
6216 4939
6217 6218
6217 6219
6220 6219
4931 5812
4931 4875
4931 6097
4931 6221
5812 1892
5812 5142
6115 4875
6115 2143
1892 6097
1892 6221
1892 5142
6222 6221
5966 2143
5965 2143
2143 5142
6223 6221
6224 6225
5963 6225
5089 5689
5689 5303
5689 4211
5689 4974
6226 5423
5398 2781
2781 4937
4629 6025
4629 5551
4629 5516
4629 6227
4629 6228
4629 6229
4629 2287
4629 6230
4629 5552
4629 4733
4629 6231
4629 5110
4710 6228
4710 6229
4710 5110
5602 5110
6232 5337
6232 4131
6232 4733
4688 5110
6025 4711
6025 5551
6025 4628
6025 5646
6025 6228
6025 6229
6025 2287
6025 5552
6025 5110
5645 4711
5645 4019
5645 5551
5645 5516
5645 4628
5645 6228
5645 4018
5645 6229
5645 5337
5645 4881
5645 2287
5645 4131
5645 5552
5645 2647
5645 5110
5645 6233
5645 5338
5645 5263
5645 4880
4711 5551
4711 5516
4711 6227
4711 5646
4711 6228
4711 4018
4711 6229
4711 5648
4711 2287
4711 5552
4711 6231
4711 5110
4711 6233
4711 6234
4019 6235
4019 5551
4019 6227
4019 5646
4019 6228
4019 6229
4019 2287
4019 5552
4019 5110
4019 6233
6236 5337
6236 4131
6236 4733
6235 5516
6235 5337
6235 4881
6235 4131
6235 5552
6235 4733
6235 2647
6235 5110
6235 5338
6235 5263
6235 4880
5551 4628
5551 6227
5551 5646
5551 6228
5551 4018
5551 6229
5551 5337
5551 4881
5551 4131
5551 4733
5551 2647
5551 6231
5551 6233
5551 5338
5551 5263
5551 4880
5516 4628
5516 6227
5516 5646
5516 6228
5516 4018
5516 6229
5516 2287
5516 6230
5516 5552
5516 6231
5516 6233
5516 5264
5435 6228
5435 5337
5435 4131
5435 4733
4628 6227
4628 5646
4628 6228
4628 4018
4628 6229
4628 2287
4628 5552
4628 4733
4628 6231
4628 5110
4628 6233
6227 5646
6227 6228
6227 4018
6227 6229
6227 5337
6227 2287
6227 4131
6227 5552
6227 4733
6227 6231
6227 5110
6227 6233
6227 5263
6227 4880
6237 5337
6237 4131
6237 4733
5646 6228
5646 4018
5646 6229
5646 5337
5646 4881
5646 2287
5646 5552
5646 4733
5646 2647
5646 6231
5646 5110
5646 6233
5646 5338
5646 5263
5646 4880
6228 4018
6228 6229
6228 5337
6228 4881
6228 2287
6228 4131
6228 5552
6228 4733
6228 2647
6228 6231
6228 5110
6228 6233
6228 5338
6228 5263
6228 4880
4018 6229
4018 5337
4018 4881
4018 2287
4018 4131
4018 5552
4018 4733
4018 2647
4018 5110
4018 6233
4018 5338
4018 5263
4018 4880
6229 5337
6229 4881
6229 2287
6229 4131
6229 5552
6229 4733
6229 2647
6229 6231
6229 5110
6229 6233
6229 5338
6229 5263
6229 4880
5337 4843
5337 2287
5337 5552
5337 4953
5337 6231
5337 5110
5337 6233
5337 6238
5337 6239
5337 5264
5337 4842
5337 4130
4881 2287
4881 5552
4881 5110
4881 6233
4843 4733
2287 4131
2287 4733
2287 2647
2287 6233
2287 5338
2287 4880
2287 6234
4131 6230
4131 5552
4131 4953
4131 6231
4131 5110
4131 6233
4131 6238
4131 6239
4131 5264
4131 6234
6230 4733
6230 6231
5552 4733
5552 2647
5552 6233
5552 5338
5552 5263
5552 4880
5552 6234
4953 4733
4733 6231
4733 5110
4733 6233
4733 6238
4733 6239
4733 5264
4733 4842
4733 4130
2647 6233
6231 5263
6231 4880
5110 6233
5110 5338
5110 5263
5110 4880
5110 6234
6233 5338
6233 5263
6233 4880
4880 6234
5433 4627
5311 4627
6240 5066
6241 6242
5850 5055
6243 6244
6245 6242
2655 6246
6247 5065
6247 2799
6248 4627
5987 5298
5046 5055
4975 4719
5689 4719
6249 5781
4691 5729
5244 5209
2836 2684
2736 2684
2332 4733
5011 5646
5011 4733
5011 4880
5011 6026
5646 5595
5646 5470
5646 5554
4733 5595
4733 5470
4733 5920
4733 5554
5595 4880
5595 6026
5470 4880
5470 6026
5554 4880
5554 6026
6250 2538
6251 6252
6253 6254
6253 6255
6253 6256
6253 6252
6254 6255
6254 6256
6254 6252
6255 6256
6255 6252
6256 6252
5394 6257
5291 5161
6257 2836
4733 6258
6259 6249
6260 6261
2487 2720
4222 5422
4222 5099
4222 5423
4222 5424
4222 5089
4223 5089
4171 5697
5954 5516
4711 6262
5516 6258
5516 6262
6227 6258
6228 6258
6228 6262
6258 6229
6258 4131
6258 6262
6258 5263
6258 4880
5842 2287
5842 4131
5842 5552
5842 5110
6229 6262
2287 5841
5841 4131
5841 5552
5841 5110
4131 6262
4733 6262
6262 4880
5167 6263
6264 5781
6264 6265
5370 5781
5370 6265
5136 5781
5136 5777
5781 6265
6265 5209
6265 5368
6266 4659
6267 6268
6269 6270
4685 2583
4674 2583
6271 5624
5417 5622
6272 5624
5622 5357
5622 5264
5245 5119
5357 5624
5119 5244
5773 2006
5738 5138
5727 5016
5707 5138
6156 5741
5138 5741
6267 4984
6273 5466
5852 6274
6275 2572
6244 6276
6243 6276
5298 5161
4685 2725
5161 2725
5113 6277
5320 6278
4719 6074
5478 6074
4718 6279
6279 6280
5874 5848
5848 5628
6281 6147
2781 2560
2781 5399
2561 6147
2561 5399
2561 5680
2561 6282
2561 5398
2560 6147
2560 5399
2560 5680
2560 5398
6283 6147
6283 5680
6284 5680
6147 5680
6147 6282
6147 5398
5399 5680
5680 5398
5086 5780
5085 5780
6074 4975
5303 5780
5099 5780
5546 5780
5422 5780
6285 5780
6285 4171
5697 5780
5088 5780
5089 5780
5089 4170
5780 4170
5780 4171
5780 4211
5780 4974
5780 5675
5780 5673
6259 6265
6249 6265
5286 5161
5898 5161
2790 2680
6137 5933
6137 5934
6286 2224
5110 5340
2224 5340
4691 4960
5620 6287
5065 5285
6288 4939
6289 5774
6289 5622
5243 5622
5846 4131
5011 6229
5011 6290
5771 6291
6045 5647
5358 6247
5358 5286
6247 5286
6247 5225
5065 5286
5286 6292
5286 6293
5286 5225
6294 6295
2724 4685
2498 4685
2499 4685
5400 4685
6296 2475
5248 4685
5662 4685
4685 5661
4685 5660
4684 5161
2483 5160
6297 4938
6298 5161
6299 5368
4615 5368
5537 5368
5136 5530
2799 5286
6257 6040
5222 6300
2334 6300
2335 6300
6250 4627
6107 4627
5310 4627
5660 5289
5346 6115
5773 4875
4875 2297
4747 4997
4747 4718
4997 4718
4997 3001
4718 3001
6000 5846
6005 6301
5396 5479
5396 6108
5953 6302
5953 5479
5953 6108
5394 6302
5394 5479
5394 6108
6302 5479
6302 6108
5479 6108
5993 6303
2007 5142
2653 5320
4988 5320
5258 5320
5320 2651
6304 6305
6304 6306
6304 6307
6304 6151
6304 5726
6304 5276
5692 6307
5692 6151
5692 5276
2738 6307
2738 5276
6308 6307
6305 6307
6306 6307
6306 6151
6306 5726
6306 5276
6307 6151
6307 6152
6307 5726
6307 5276
6307 6296
6307 2475
6151 5726
6151 5276
6151 6296
6151 2475
5726 5276
5276 6296
5276 2475
2720 5167
6137 6309
4875 6310
5346 5982
5346 5625
2143 6114
2143 5982
2143 5983
2143 6310
6114 2144
6114 5982
6114 6310
2144 5966
2144 6115
2144 5982
2144 6310
5966 6310
6115 5982
6115 5625
6115 6310
5982 6310
5625 6310
5004 6310
5005 6310
5983 6310
6310 5231
6002 5285
5925 5161
5244 5383
5383 5784
5966 4921
5965 4921
2144 2297
2144 6116
6311 4921
6114 4921
6312 4921
4921 2297
4921 6313
4921 5983
4921 6310
2297 4613
2297 6310
2297 2143
2143 6116
6131 6314
6131 5433
6314 5433
6151 6315
6315 6307
6307 6316
6317 6318
4701 5771
5771 5451
6319 6320
6321 6322
6321 6323
6324 4667
6324 6322
6324 2701
6324 6325
6324 2654
6324 6326
6324 6323
6324 2820
6322 6326
6322 6323
6326 6323
6327 6242
2287 6328
2287 5051
2287 5050
5514 6328
6328 5051
5114 5777
6138 6309
6138 6329
6138 6330
6135 6309
6135 6329
6135 6330
6132 6309
6132 6329
6132 6330
6309 6329
6309 6144
6309 6133
6309 6330
6309 2556
6309 6136
6142 6331
6329 6137
6329 6331
6329 6330
6329 6052
6329 2556
6329 6136
6329 2555
6137 6331
6137 6330
6331 6330
6331 6052
6331 2556
6330 6052
6330 2556
6330 6136
6330 2555
4710 2653
4712 2653
6288 6332
6288 5628
6332 5628
6332 4938
6332 4939
2673 5920
2673 4710
2675 5648
2675 4710
2674 5920
5550 6333
4746 4997
4746 4718
4997 5438
6334 5114
6335 6307
6335 5276
6335 6336
6335 6296
6307 6336
6151 6336
5276 6336
6336 6296
2540 2604
6033 6337
6337 6034
6338 5929
6339 5929
4875 5862
5751 5016
6340 6341
2654 2720
5908 2720
6275 6342
6275 6343
6275 2720
6342 2720
6342 2572
2720 2821
6344 6345
4181 5139
4181 5340
5139 5340
5095 5340
5954 5320
5629 6346
6347 6348
4921 6349
6350 5414
6351 2947
2947 5973
6352 4716
6353 6354
6355 6354
6356 6354
6357 6354
6358 6354
6272 6359
2799 6003
2143 6360
2143 2298
2143 2299
2144 6360
2101 6115
2007 2044
2007 2297
5642 6115
5642 6360
6115 6360
2044 2297
2044 2006
6360 2317
6360 2297
6360 2298
6360 2299
6360 6310
2317 2297
2297 2006
2299 6310
4631 6361
6362 6363
4875 4934
5248 6364
5662 6364
5699 6364
6365 5393
5276 6366
6366 6336
6366 6296
6367 5270
5221 6368
5221 6369
6368 6369
6263 2720
5658 6370
6370 5671
6370 5661
6370 5663
6370 2498
6370 5270
6370 5662
5701 5663
5701 2480
5663 2480
2480 5161
5366 2335
4222 5303
4222 5689
5087 5689
5941 5689
5422 5689
5505 5689
5303 6371
4837 5505
6309 6134
6329 5933
6329 6134
6329 5934
6330 5933
6330 6134
6330 5934
5933 6134
5933 6331
6134 6372
6134 6331
6134 5934
6331 5934
5258 4131
4988 4131
2653 4131
2653 5532
2653 5385
2653 5215
2653 6373
2653 5543
2653 5968
5320 5846
5320 5385
5320 5215
5320 6373
5320 2799
4131 2651
4131 5385
4131 5215
4131 6373
4131 2799
5846 2651
5846 5954
5846 5955
5846 5385
5846 5215
5846 2799
2651 5954
2651 5955
2651 5532
2651 5385
2651 5215
2651 6373
2651 2799
5954 5385
5954 5215
5954 2799
5955 5385
5955 5215
5955 2799
6374 2799
4713 2799
4713 5883
6375 2799
6376 2799
6276 6377
6041 2652
6147 5679
6037 2334
6037 2335
6037 6362
6369 2335
6369 6362
5225 6362
5221 6362
5222 6362
5853 6362
2334 6362
2335 6362
6378 5460
6378 5461
6378 5126
6378 5913
6378 4707
6378 6379
6378 6380
6378 6381
6378 6382
6378 4708
6383 6382
6384 6382
5460 5913
5460 4707
5460 6381
5460 6382
5460 4708
5461 5913
5461 6381
5461 6382
5461 4708
5126 6382
5126 4708
5913 6379
5913 6381
5913 6382
5913 4708
4707 6381
4707 6382
6379 6381
6379 6382
6379 4708
6380 6382
6380 4708
6381 6382
6381 4708
6382 6385
6382 4708
5899 5289
6386 5907
6386 6322
6386 6323
5907 6322
5907 6323
4218 5819
4218 5485
5819 6387
5819 6388
5819 6389
5819 4734
5819 6390
5819 6391
5819 5486
5819 6392
5819 6393
5819 6394
5819 6395
5819 4952
5819 2296
5819 6396
5819 6397
5819 1901
5819 6398
5819 5487
5819 5232
5819 6267
5819 6399
5819 6273
5819 5323
5819 6101
5819 6400
5819 6401
5819 4984
5819 6402
5819 6403
5819 6404
5819 4217
5819 5233
5819 6405
5819 5485
5819 5466
6387 5485
6388 5485
6389 5485
4732 5487
4732 6400
4732 5485
4734 5485
6390 5485
6391 5485
6392 5485
6393 5485
5820 5485
1767 5485
5773 6403
6394 5485
6395 5485
4952 5485
2296 5485
6396 5485
6397 5485
1901 5485
6398 5485
5252 5485
5251 5485
5487 6400
5232 5485
6267 5485
6399 5485
6273 5485
5323 5485
6101 5485
6400 5485
6401 5485
4984 5485
6402 5485
6403 5485
6404 5485
4217 5485
5233 5485
6405 5485
5485 5466
6406 5603
5414 6407
5414 2699
6350 6407
6350 2699
6407 2699
6408 2143
5745 6409
5745 6410
5957 6409
5957 6410
5957 5744
6409 6410
6409 5744
6409 6411
6409 5956
6412 6410
6412 5744
6410 5744
6410 6411
6410 5028
6410 5956
6410 4806
6410 5027
5744 6411
5744 5028
5744 5956
5744 4806
5744 5027
6411 4806
6411 5027
5863 5977
5977 5864
5977 5865
5977 6413
5977 4960
5864 6413
5864 4960
5223 4960
6414 4939
6415 5269
4988 5337
5337 5258
5337 6416
4629 5320
4131 6416
6416 5320
5286 5899
5899 5285
5825 2335
6417 5647
6418 6419
6420 4923
6420 6421
4923 6421
6422 6423
5688 6424
6424 6425
6324 4664
6324 2487
5423 6424
4171 6424
6424 6426
4222 5917
6427 5917
6428 4837
6428 5917
5463 5917
6429 5917
4223 5917
4837 5303
4837 5423
4837 4171
4837 5673
4837 5917
4837 5089
4837 5086
5429 5673
5917 5689
5982 5018
5982 4934
5862 4934
2679 4685
2679 5969
4685 2799
5473 5638
6430 5224
5498 6217
6431 6432
6433 6432
6193 6432
6434 6432
6432 6435
6436 6437
6438 6437
6002 5291
6439 6440
5065 5284
4711 5161
4711 6361
2583 5161
2583 6361
2789 6361
4710 6278
5962 5337
5962 5320
6104 6361
5066 2680
5900 6361
5337 6278
5337 5987
5899 5161
4685 6361
2790 6361
5285 5161
6278 4988
2680 5161
5161 6361
5161 5289
5320 5987
5614 6030
6272 6441
6442 6347
6442 5614
6442 6423
6443 6347
6443 5614
6443 6423
6347 5614
6347 6444
6347 6423
5614 6444
5614 6423
6444 6423
6445 5244
5847 5244
5847 5245
5847 6446
5244 6446
5245 6446
6276 6447
6377 6447
5268 6415
2335 6448
6289 6449
4659 6450
5927 5381
5926 5381
5895 5284
5895 5286
5284 5161
2297 6451
6452 2655
6324 2655
6453 2655
6454 2655
6455 2655
6456 2655
6386 2655
6322 2655
6457 2655
6458 2655
6459 2655
6460 2655
6461 2655
6462 2655
6326 2655
6323 2655
6463 2655
6464 2655
6465 2655
6466 2680
6466 5489
2680 5489
4822 6467
5524 4732
6468 5781
6448 6362
5030 6469
5224 6470
6471 6470
6472 5651
6472 6470
5651 6470
5738 6155
6155 6206
6155 6173
6155 6125
6155 5759
6155 5016
5760 5016
5779 6449
6449 5368
6473 5056
6473 6474
5056 6474
2143 5077
2143 5773
2142 5077
2142 5773
2317 5982
2317 5773
2144 5077
2144 5773
6114 5077
6110 5077
6112 4921
6112 4206
5966 5077
5981 5077
6475 4921
6475 4206
6476 4921
6476 4206
2105 5773
5155 5773
6117 5982
6117 6310
5982 5077
5982 5078
5982 5773
5982 4921
5982 4206
5982 2297
5077 4875
5077 4921
5077 4206
5077 2297
5077 4934
5077 5965
5077 6477
5773 4921
5773 4226
5773 5861
5773 4933
5773 4206
5773 6313
5773 5983
5773 5862
5773 6310
5773 4934
5773 6477
6111 4921
6111 4206
2044 4921
4921 6118
4921 4206
4921 6477
6118 4206
4206 2297
4206 6477
2297 4934
5473 6478
5473 6479
6478 6479
6480 6481
6482 6481
6483 6354
6257 5286
6484 6485
6486 5029
6487 5029
6410 5029
5744 5029
5684 5029
5678 5029
5617 5027
6416 6488
5780 6489
5303 6489
5429 6489
5422 6489
5426 6489
6490 6489
6490 5673
5085 6489
5086 6489
6489 5673
5860 5122
6450 2832
6491 2832
5916 4171
5916 5424
5780 5917
5516 6492
5516 6493
6258 6492
6258 6230
6258 6231
6492 4131
6492 6230
6492 4733
6492 6231
4131 6493
6493 4733
5727 6174
6155 6174
5916 6494
4171 6494
5917 6494
5385 5337
5385 5647
5524 5647
5524 6278
5524 2653
5524 5298
5962 5647
4712 5647
4988 5647
4019 5647
6495 5337
6495 5647
5516 4732
5516 5647
5516 6278
5516 5298
2646 5647
2645 5647
5873 5337
5873 5647
4732 5337
4732 5647
4732 4131
4732 5542
4732 6278
4732 2653
4732 5298
4732 6029
4732 5320
5337 5064
5337 5647
5337 5215
5337 5976
5337 6184
5337 6045
5337 2653
5337 2332
5337 6496
5337 5975
5337 5298
5337 6497
5337 2651
5337 6373
5337 6498
5337 5488
5337 6499
5064 5647
5647 4881
5647 5215
5647 4131
5647 5968
5647 5542
5647 5258
5647 5976
5647 4733
5647 6184
5647 6278
5647 2653
5647 5338
5647 2332
5647 5533
5647 6496
5647 5975
5647 5298
5647 6497
5647 2651
5647 6028
5647 5987
5647 6373
5647 5543
5647 6029
5647 6498
5647 5320
5647 5488
5647 6499
4131 5298
5542 2653
5542 5298
6278 2653
6278 5298
2653 5298
2653 6029
5298 6029
5298 5320
6500 6194
6500 6501
6500 2947
6194 6501
6194 2947
6501 2947
6046 6502
5982 6360
5773 6360
5773 2299
5822 6503
6504 5550
6504 6333
6504 6503
5550 6503
6333 6503
6505 6506
6505 6507
6506 6507
6508 6509
4297 6510
4492 6510
6511 6512
6513 6514
6515 6516
6517 4320
6517 5204
6518 5250
2780 5008
3542 6519
6519 6520
3542 6520
6521 5371
4103 6522
4612 4104
4612 6522
4612 4357
4104 6522
4104 4357
6522 4357
6523 6524
6525 746
6526 6527
6528 6529
6530 6531
4375 6532
6533 6534
6534 6535
6536 6523
4612 4421
4612 4375
4421 4375
4421 4104
4375 4104
6532 4103
6537 4103
6537 4136
6537 4421
6537 4375
6537 6532
6526 6538
4138 6539
6540 6541
6541 6542
6542 6543
6544 6545
4612 6537
4612 6546
4103 6546
4104 6546
6547 6548
6547 6549
6547 6550
6548 6549
6548 6550
6549 6550
6530 6551
6523 6552
6552 6524
746 4136
746 4103
6546 4357
6553 6554
6555 6556
6557 6558
6559 6560
6561 6562
6563 6564
6565 6566
6567 6568
6569 6570
6571 6570
6572 6573
6574 6575
6576 6577
6578 6579
2780 5057
6580 5499
6318 6581
6318 6582
6317 6582
6583 6584
6585 6586
6587 6588
6589 6590
4739 6591
6592 6593
6594 6595
6596 6597
6598 6599
6600 6601
6602 6603
6602 6604
6603 6604
6605 6606
6607 6605
6605 6608
6609 6610
